tree
version=v4
num_class=1
num_tree_per_iteration=1
label_index=0
max_feature_idx=63
objective=quantile
feature_names=wind_ms precip_mm solar_wm2 cloud_cover pressure_hpa hour_sin hour_cos local_hour_sin local_hour_cos doy_sin doy_cos month station_enc lat lon elevation_m heat_index_c_lag1h heat_index_c_lag3h heat_index_c_lag6h heat_index_c_lag12h heat_index_c_lag24h temp_c_lag1h temp_c_lag3h temp_c_lag6h temp_c_lag12h temp_c_lag24h rh_lag1h rh_lag3h rh_lag6h rh_lag12h rh_lag24h hi_change_3h temp_change_3h heat_index_c_roll3h_mean heat_index_c_roll3h_std heat_index_c_roll6h_mean heat_index_c_roll6h_std heat_index_c_roll24h_mean heat_index_c_roll24h_std temp_c_roll3h_mean temp_c_roll3h_std temp_c_roll6h_mean temp_c_roll6h_std temp_c_roll24h_mean temp_c_roll24h_std temp_x_rh temp_x_evening solar_wm2_lag1h solar_wm2_lag3h solar_wm2_lag6h solar_wm2_roll6h_mean temp_x_solar cloud_cover_lag1h cloud_cover_lag3h cloud_cover_lag6h pressure_hpa_lag1h pressure_hpa_lag3h pressure_hpa_lag6h wind_ms_lag1h wind_ms_lag3h precip_mm_lag1h precip_mm_lag3h _hi_clim hi_residual_lag1h
feature_infos=[0.040000000000000001:8.2699999999999996] [0:93.230000000000004] [0:1009.9] [0:1] [998.5:1020] [-1:1] [-1:1] [-1:1] [-1:1] [-0.99999073973619013:0.99999073973619013] [-0.99996295911626554:1] [1:12] none none none none [15.373032368145491:48.787833850342253] [15.373032368145491:48.787833850342253] [15.373032368145491:48.787833850342253] [15.373032368145491:48.787833850342253] [15.373032368145491:48.787833850342253] [14.69:44.43] [14.69:44.43] [14.69:44.43] [14.69:44.43] [14.69:44.43] [18.100000000000001:99.400000000000006] [18.100000000000001:99.400000000000006] [18.100000000000001:99.400000000000006] [18.100000000000001:99.400000000000006] [18.100000000000001:99.400000000000006] [-8.0370101143076411:13.070703512111439] [-7.9799999999999969:11.140000000000001] [15.586188561469704:48.53718282045913] [0.0033712495195723389:5.2901268955634784] [16.194742695145706:47.604603713916447] [0.038638969367460085:6.5280077783360904] [21.733239693497037:41.479553319998367] [1.3177629034383662:7.2645889702179938] [14.849999999999989:44.240000000000002] [5.5325671015196157e-07:4.3334089736986057] [15.305:43.583333333333336] [0.03847076810491934:6.1517888997157728] [20.260000000000002:36.188750000000006] [1.1647454159851172:5.976123264739587] [756.43200000000002:2708.0299999999997] [0:43.689999999999998] [0:1009.9] [0:1009.9] [0:1009.9] [0:893.80000000000018] [0:44364.906999999999] [0:1] [0:1] [0:1] [998.5:1020] [998.5:1020] [998.5:1020] [0.040000000000000001:8.2699999999999996] [0.040000000000000001:8.2699999999999996] [0:93.230000000000004] [0:93.230000000000004] [20.481786293809304:42.950998391400141] [-8.8345365723662077:7.932805784720717]
tree_sizes=1917 2070 2061 2073 2052 2045 2078 2067 2072 2071 2064 2080 2067 2088 2097 2101 2102 2110 2106 2108 2079 2122 2106 2092 2094 2092 2096 2112 2102 2111 2093 2112 2098 2101 2095 2147 2146

Tree=0
num_leaves=22
num_cat=0
split_feature=21 10 25 2 41 10 22 2 10 26 63 20 9 9 57 9 37 21 57 2 57
split_gain=387.02 70.1537 52.3327 28.0963 9.51301 8.40836 6.86509 6.73835 4.27864 4.22949 4.04906 3.77428 3.61394 3.13644 2.59681 1.84155 2.80419 1.43848 1.26625 1.21766 1.17
threshold=25.105000000000004 0.67123509350548771 25.965000000000003 236.25000000000003 25.655833333333337 -0.76107606668641947 26.775000000000002 11.950000000000001 -0.27608674622158907 94.850000000000009 2.3410552903867274 30.73820047930457 -0.96230016621822456 0.41327478071396911 1008.35 -0.13301347478292289 32.107948079749683 27.065000000000001 1009.1500000000002 3.2500000000000004 1006.85
decision_type=2 2 2 2 2 2 2 2 2 2 2 2 2 2 2 2 2 2 2 2 2
left_child=1 7 5 4 13 15 12 8 9 -1 -8 14 18 -3 -4 16 -2 -16 -7 20 -14
right_child=2 3 11 -5 -6 6 10 -9 -10 -11 -12 -13 19 -15 17 -17 -18 -19 -20 -21 -22
leaf_value=24.884718815901095 24.92973790604972 24.394793062917078 24.954740229237299 24.606506971179261 24.593986994383819 24.884943665224959 24.87051194497354 24.895851732171117 24.850982376381388 24.865601474309045 24.715587535094176 25.114425167635659 24.881082698767248 24.629709884101999 24.786958534481833 24.942482724114498 24.870624401853568 24.904360758806025 24.920329163446201 24.842061118892278 24.661009780785307
leaf_weight=144 133 514 1032 122 136 93 253 187 88 81 100 18937 73 67 314 193 132 272 54 54 247
leaf_count=144 133 514 1032 122 136 93 253 187 88 81 100 7941 73 67 314 193 132 272 54 54 247
internal_value=24.93 24.8909 24.9324 24.8776 24.8718 24.918 24.9137 24.9138 24.907 24.9013 24.9226 24.9333 24.908 24.8671 24.93 24.9268 24.9226 24.9259 24.9204 24.9038 24.9016
internal_weight=23226 1339 21887 839 717 1332 874 500 313 225 353 20555 521 581 1618 458 265 586 147 374 320
internal_count=12230 1339 10891 839 717 1332 874 500 313 225 353 9559 521 581 1618 458 265 586 147 374 320
is_linear=0
shrinkage=1


Tree=1
num_leaves=22
num_cat=0
split_feature=62 21 21 21 62 9 62 9 9 58 57 30 47 37 57 10 56 63 62 32 54
split_gain=320.976 80.2396 14.9916 13.2168 7.99727 6.95829 7.57728 4.41248 7.57462 2.99218 2.63372 2.48513 2.15893 1.99718 1.85189 3.1762 1.73685 1.42938 1.48521 1.37506 1.12698
threshold=26.713740225634279 23.495000000000001 24.235000000000003 25.645000000000003 28.581381325265415 -0.7721494341254892 22.353508343926404 -0.52707282776374165 -0.3896268414500369 1.8950000000000002 1007.7500000000001 79.750000000000014 5.8500000000000005 34.320926388061004 1008.4500000000002 0.92589048012183106 1008.4500000000002 -0.56935910348461849 27.486907172767626 -0.99999999999999811 0.99150000000000016
decision_type=2 2 2 2 2 2 2 2 2 2 2 2 2 2 2 2 2 2 2 2 2
left_child=1 12 -2 5 17 9 -7 -8 -9 16 -11 -10 -1 14 20 19 -3 18 -4 -16 -5
right_child=2 3 4 13 -6 6 7 8 11 10 -12 -13 -14 -15 15 -17 -18 -19 -20 -21 -22
leaf_value=-0.5094022442288566 -0.24807594007182482 -0.071669898004406346 -0.04977808142203493 0.0010541128301527103 0.1353394109941839 -0.51300066126154809 -0.41755489730349377 -0.0036857179232143013 -0.13594764330127904 -0.034945655017552847 -0.068862987022275779 -0.26286807808273333 -0.40722398941476851 0.0041888822607617018 -0.06686852835824679 -0.23141074499886841 0.0044775946337287514 -0.0072350142890569317 -0.01950395983884981 -0.060757720698059604 -0.051807580287204412
leaf_weight=370 120 71 163 94 20039 88 82 72 89 88 90 228 55 67 122 75 70 820 255 110 58
leaf_count=370 120 71 163 94 9043 88 82 72 89 88 90 228 55 67 122 75 70 820 255 110 58
internal_value=0.000435433 -0.0296708 0.0030214 -0.0207452 0.00317936 -0.0265172 -0.0319546 -0.0270401 -0.0223916 -0.0162058 -0.0230411 -0.0273315 -0.0583536 -0.0106682 -0.0124333 -0.0160111 -0.00601076 -0.00258006 -0.00617825 -0.0102019 -0.00387121
internal_weight=23226 1829 21397 1404 21277 878 559 471 389 319 178 317 425 526 459 307 141 1238 418 232 152
internal_count=12230 1829 10401 1404 10281 878 559 471 389 319 178 317 425 526 459 307 141 1238 418 232 152
is_linear=0
shrinkage=0.0749695


Tree=2
num_leaves=22
num_cat=0
split_feature=21 62 21 2 10 44 17 62 0 10 43 44 44 0 9 4 9 4 9 20 54
split_gain=238.417 69.2497 20.9849 9.67001 5.64466 8.10672 5.66077 5.46868 2.89042 1.91992 1.80569 1.63891 4.50605 1.49486 1.72341 3.55945 2.16499 1.4168 1.19331 0.818659 0.811294
threshold=24.235000000000003 26.939051099719915 22.165000000000003 18.850000000000005 0.95989713290459411 4.2481866646965312 30.44267410736111 29.651301362498888 2.7750000000000004 0.80898702767051955 27.361041666666669 4.5609235610283578 3.2191930530328432 1.8550000000000002 -0.55601228778889811 1005.7500000000001 -0.3896268414500369 1008.1500000000002 -0.5416228050394748 27.682640765846251 0.7915000000000002
decision_type=2 2 2 2 2 2 2 2 2 2 2 2 2 2 2 2 2 2 2 2 2
left_child=2 4 -1 8 6 -6 11 10 9 -4 17 12 13 19 15 -15 -16 -3 -19 -2 -5
right_child=1 7 3 20 5 -7 -8 -9 -10 -11 -12 -13 -14 14 16 -17 -18 18 -20 -21 -22
leaf_value=-0.46986313938224339 -0.054335654349040828 0.0096175532622831267 -0.19434654200917315 -0.39669983057546648 -0.38275126584365554 -0.069229621488474738 -0.014578535024938525 0.14770748178679005 -0.51252371055365031 -0.23374677903369187 0.0016680648865646708 -0.23815278640153364 -0.084831003648389885 -0.032292693902949261 -0.0040720791649441193 -0.27268260324800236 -0.064653534046339917 -0.2363971598110573 -0.28130974231481071 -0.038946165337501906 -0.1085880737363395
leaf_weight=296 267 66 57 66 87 65 232 19402 97 127 1510 66 150 118 89 165 85 81 80 63 57
leaf_count=296 267 66 57 66 87 65 232 8406 97 127 1510 66 150 118 89 165 85 81 80 63 57
internal_value=0.000800126 0.00214939 -0.042172 -0.0297119 -0.0140346 -0.0284919 -0.01204 0.00322174 -0.037596 -0.0285873 -0.000722383 -0.014488 -0.0132167 -0.0154881 -0.0188556 -0.0231666 -0.0105371 -0.00692385 -0.0107548 -0.0101488 -0.00977614
internal_weight=23226 22526 700 404 1387 152 1235 21139 281 184 1737 1003 937 787 457 283 174 227 161 330 123
internal_count=12230 11530 700 404 1387 152 1235 10143 281 184 1737 1003 937 787 457 283 174 227 161 330 123
is_linear=0
shrinkage=0.0749695


Tree=3
num_leaves=22
num_cat=0
split_feature=21 62 51 62 39 54 21 62 55 3 9 16 9 37 31 9 9 24 37 61 44
split_gain=194.482 53.7608 12.5526 8.56454 5.71143 4.72625 5.273 3.15869 2.54137 1.78338 2.36381 1.66909 1.37827 2.1767 1.77735 1.56287 1.35583 1.2007 0.859118 0.593262 0.576316
threshold=23.765000000000004 27.486907172767626 1386.7875000000001 25.75033621382082 22.264999999999993 0.98550000000000015 25.445000000000004 31.023288707547525 1013.7500000000001 0.72250000000000003 0.42888796625999276 30.44267410736111 -0.96230016621822456 33.307437419848306 -0.95237665724297915 -0.183996647784403 -0.86095304316285715 32.415000000000006 28.33897326709597 17.520000000000003 4.6089643866474548
decision_type=2 2 2 2 2 2 2 2 2 2 2 2 2 2 2 2 2 2 2 2 2
left_child=2 3 4 5 -1 6 -2 8 18 10 -8 12 -5 14 15 17 -7 19 -3 -14 -6
right_child=1 7 -4 11 20 16 9 -9 -10 -11 -12 -13 13 -15 -16 -17 -18 -19 -20 -21 -22
leaf_value=-0.45795308401473939 -0.33614991443087128 -0.11531737310974685 -0.35732186271393934 -0.003295849297795226 -0.31508689905444515 -0.055533294819457971 -0.21193942394585275 0.17548607295403768 -0.21372338642705688 -0.022935952626660296 -0.30695073739713363 0.018807977223130528 -0.056145744766294019 -0.0023805893711800028 -0.0059790143222755963 -0.085543447683581186 -0.009000037174445091 -0.023423282874310378 0.01148674321842006 -0.02579247171547663 -0.22015874790203047
leaf_weight=221 263 81 81 142 186 97 92 18491 74 68 62 129 357 177 78 133 119 64 2202 54 55
leaf_count=221 263 81 81 142 186 97 92 7499 74 68 62 129 357 177 78 133 119 64 2198 54 55
internal_value=0.00116805 0.00223977 -0.0430182 -0.0100271 -0.0479371 -0.0166662 -0.0209372 0.00332944 0.00065015 -0.0108211 -0.0152132 -0.00572962 -0.00679354 -0.00791576 -0.00982333 -0.0111871 -0.00609171 -0.0133027 0.00117289 -0.014851 -0.0366936
internal_weight=23226 22683 543 1835 462 701 485 20848 2357 222 154 1134 1005 863 686 608 216 475 2283 411 241
internal_count=12230 11687 543 1835 462 701 485 9852 2353 222 154 1134 1005 863 686 608 216 475 2279 411 241
is_linear=0
shrinkage=0.0749695


Tree=4
num_leaves=22
num_cat=0
split_feature=21 62 21 8 10 57 9 62 37 56 28 58 9 9 1 9 4 4 30 44 54
split_gain=166.23 40.818 11.4913 8.62762 7.53272 7.26615 8.51933 4.32812 3.54972 4.65192 2.73093 2.17353 1.9161 2.33263 2.02869 1.19401 1.18553 0.857207 1.00925 0.688023 0.666349
threshold=23.765000000000004 26.939051099719915 20.73 -0.37940952255126015 0.68389408864483059 1009.35 0.39753913293121995 28.989786652099912 29.727138008988369 1012.0500000000001 90.550000000000011 3.0950000000000002 -0.73831951690629072 -0.97109105924028405 4.2950000000000008 0.54883787585413535 1013.6500000000002 1013.6500000000002 53.150000000000013 4.5609235610283578 0.31350000000000006
decision_type=2 2 2 2 2 2 2 2 2 2 2 2 2 2 2 2 2 2 2 2 2
left_child=2 4 -1 -4 10 20 8 16 9 -7 -2 19 13 -12 -15 -8 -3 -9 -19 -5 -6
right_child=1 7 3 11 5 6 15 17 -10 -11 12 -13 -14 14 -16 -17 -18 18 -20 -21 -22
leaf_value=-0.43932688797150388 -0.0034174008215763483 -0.0024934636999556529 -0.15833864053423261 -0.23956076815616495 -0.066312471352084359 -0.24178724615747793 0.050855656124190601 0.11548638811495883 -0.20859281832992368 -0.43827218957716141 -0.014842563647956339 -0.53409532272946914 -0.01715654737046193 -0.041335817828694423 -0.052107108710287842 -0.19404969958809784 -0.23349025105850862 0.07243677548190855 -0.13210250809437651 -0.17688244366088507 0.0065113317372789258
leaf_weight=147 446 1310 67 173 68 109 68 19580 118 55 119 87 151 123 106 53 56 147 82 69 92
leaf_count=147 446 1310 67 173 68 109 68 8616 118 55 119 87 151 123 106 53 56 115 82 69 92
internal_value=0.00139719 0.00238847 -0.0394502 -0.0313211 -0.00948564 -0.016478 -0.0218599 0.00324387 -0.0290421 -0.0190092 -0.00508883 -0.0363616 -0.00890584 -0.0119977 -0.016514 -0.00335898 -0.000729218 0.00352694 -0.000377259 -0.0298048 -0.00166148
internal_weight=23226 22683 543 396 1508 563 403 21175 282 164 945 329 499 348 229 121 1366 19809 229 242 160
internal_count=12230 11687 543 396 1508 563 403 10179 282 164 945 329 499 348 229 121 1366 8813 197 242 160
is_linear=0
shrinkage=0.0749695


Tree=5
num_leaves=22
num_cat=0
split_feature=21 20 21 2 10 30 16 0 55 16 37 28 10 10 10 37 30 53 10 50 61
split_gain=128.942 27.1578 14.762 8.02555 7.12335 6.3211 4.7941 4.34187 3.62747 2.95502 2.8641 2.43486 2.21373 1.66295 1.47127 4.54858 1.34523 1.26756 1.06224 0.812624 1.01385
threshold=23.945000000000004 27.286213669451346 20.73 18.850000000000005 0.44436171794418394 80.15000000000002 30.71362941024174 3.1350000000000002 1012.35 22.661079485005562 31.808860110519742 66.65000000000002 0.68389408864483059 0.77756834408811348 0.86527520261780289 29.877482383694318 74.350000000000009 0.99950000000000017 0.91925191855388755 0.62500000000019906 8.1150000000000002
decision_type=2 2 2 2 2 2 2 2 2 2 2 2 2 2 2 2 2 2 2 2 2
left_child=2 4 -1 7 17 -6 12 9 10 -4 11 -7 19 -14 -13 -16 -5 -2 -15 20 -3
right_child=1 6 3 16 5 8 -8 -9 -10 -11 -12 14 13 18 15 -17 -18 -19 -20 -21 -22
leaf_value=-0.40639077779143085 -0.0099890991021960376 0.002597875018590279 -0.22186774112407132 -0.025626015979189433 -0.037768075364481186 -0.15057115446116875 0.13281253179372116 -0.46303610571911474 -0.38986988045394039 -0.15307884253866719 -0.0051137518244957882 -0.19445851918734516 -0.18854765681141875 0.027749483338363662 -0.45635044552122561 -0.19566562744773375 -0.25289270628673705 -0.033009937096374578 -0.072643459308385921 0.02429681032677249 -0.01911703969180676
leaf_weight=147 862 565 140 66 165 63 18904 76 65 98 74 58 73 136 72 75 65 164 175 929 254
leaf_count=147 862 565 140 66 165 63 7912 76 65 98 74 58 73 136 72 75 65 164 175 925 254
internal_value=0.00154888 0.0024617 -0.0328719 -0.0249794 -0.00691591 -0.0136855 0.00318353 -0.031642 -0.0186867 -0.0244578 -0.0144424 -0.0180226 -0.000105994 -0.00530755 -0.022088 -0.0150987 -0.00729572 -0.00293666 -0.00216324 0.000942588 -0.000608015
internal_weight=23226 22634 592 445 1598 572 21036 314 407 238 342 268 2132 384 205 147 131 1026 311 1748 819
internal_count=12230 11638 592 445 1598 572 10040 314 407 238 342 268 2128 384 205 147 131 1026 311 1744 819
is_linear=0
shrinkage=0.0749695


Tree=6
num_leaves=22
num_cat=0
split_feature=21 62 2 57 37 43 30 43 0 9 62 9 57 9 40 43 0 52 21 30 43
split_gain=103.138 32.175 9.38143 6.47043 7.35759 4.96301 4.37115 5.75755 6.06545 5.7938 3.14784 2.24918 1.4213 2.3957 1.36998 1.30451 1.69536 1.49647 1.14091 0.810311 1.25531
threshold=23.205000000000002 27.806029223721971 72.700000000000003 1009.9500000000002 31.643334043732818 23.935416666666672 77.050000000000011 28.098125000000003 2.4050000000000007 -0.52707282776374165 31.023288707547525 -0.10738035228456493 1011.0500000000001 -0.12447811117596669 0.36828431046384352 28.765000000000004 2.1650000000000005 0.99850000000000005 24.845000000000002 92.250000000000014 28.156250000000004
decision_type=2 2 2 2 2 2 2 2 2 2 2 2 2 2 2 2 2 2 2 2 2
left_child=2 3 5 14 6 -1 -5 8 -8 -10 12 -4 -3 -14 15 16 17 18 -2 -6 -21
right_child=1 10 11 4 19 -7 7 -9 9 -11 -12 -13 13 -15 -16 -17 -18 -19 -20 20 -22
leaf_value=-0.33622747831860855 -0.004796645877739941 0.0091978433287326199 -0.32527651078966924 -0.041784383586934835 0.015863708729033175 -0.32087457856343848 -0.037124025462064947 -0.17839238997527718 -0.3532050649722468 -0.37554326870987953 0.14595865386283433 -0.084555883755436004 -0.20374954368656525 -0.0062494896821522154 0.00019128910025613207 0.00059740499353624476 -0.0149778509042135 -0.050301147568766302 -0.024177561232729197 0.0024641000247357684 -0.10391393679892237
leaf_weight=119 103 1894 62 89 135 207 135 88 59 78 18494 55 72 155 426 212 398 78 217 54 96
leaf_count=119 103 1890 62 89 135 207 135 88 59 78 7502 55 72 155 426 212 398 78 217 54 96
internal_value=0.00165538 0.00236154 -0.0340112 -0.00629158 -0.0120919 -0.0408251 -0.0180952 -0.0217956 -0.014983 -0.0260608 0.00328107 -0.0129436 0.000447106 -0.00497062 -0.00317754 -0.00468656 -0.00607967 -0.0096621 -0.00640463 -0.00191626 -0.00592685
internal_weight=23226 22783 443 2168 734 326 449 360 272 137 20615 117 2121 227 1434 1008 796 398 320 285 150
internal_count=12230 11787 443 2168 734 326 449 360 272 137 9619 117 2117 227 1434 1008 796 398 320 285 150
is_linear=0
shrinkage=0.0749695


Tree=7
num_leaves=22
num_cat=0
split_feature=62 43 62 0 4 30 57 9 3 38 52 41 43 53 0 9 40 57 9 9 62
split_gain=86.2011 29.9207 10.9693 9.63874 5.77429 5.0907 4.34673 5.1438 4.37519 3.0165 2.59291 1.28889 1.58339 1.11167 1.04768 1.57418 0.995234 0.951008 0.946474 1.0413 0.876082
threshold=25.859411519185205 23.935416666666672 30.061105357860033 2.3450000000000002 1013.85 72.250000000000014 1012.0500000000001 -0.073094453017891914 0.10050000000000002 5.3569034855131035 0.67250000000000021 26.664166666666667 28.369375000000005 0.99750000000000016 2.2750000000000004 -0.79356426026969629 0.17616280349523347 1010.4500000000002 -0.5416228050394748 -0.2595093939220976 33.451666158423272
decision_type=2 2 2 2 2 2 2 2 2 2 2 2 2 2 2 2 2 2 2 2 2
left_child=1 -1 4 9 13 -6 8 -8 -5 11 17 12 -3 -2 15 -15 -17 -11 -10 -20 -4
right_child=2 3 20 6 5 -7 7 -9 18 10 -12 -13 -14 14 -16 16 -18 -19 19 -21 -22
leaf_value=-0.31349472734024464 0.00055302323280105744 -0.017151670752049871 0.030867096818393409 -0.34695193729144935 -0.059244881826891201 -0.18530990636351782 -0.51953723920265082 -0.13638238501049338 -0.1484477138893783 -0.11747909560221216 -0.013613189876399711 0.0099610165891915042 -0.10145552806982132 -0.042220854123368394 -0.0032627067836940092 -0.03640866399525685 0.0026625019917030763 -0.15334623815319634 0.036554856884581211 -0.17901383547628866 0.22886569808365104
leaf_weight=108 2154 187 2679 58 72 54 73 101 91 53 56 173 116 98 280 54 146 55 73 59 16486
leaf_count=108 2154 187 2559 58 72 54 73 101 91 53 56 173 116 98 280 54 146 55 73 59 5610
internal_value=0.0017522 -0.0177415 0.00282764 -0.0137113 -0.00145991 -0.0170002 -0.022226 -0.0325255 -0.0149175 -0.00729761 -0.0163204 -0.00372567 -0.00672338 -0.000658316 -0.00357491 -0.00664834 -0.00170334 -0.0230504 -0.00876896 -0.00278111 0.00347647
internal_weight=23226 1203 22023 1095 2858 126 455 174 281 640 164 476 303 2732 578 298 200 108 223 132 19165
internal_count=12230 1203 11027 1095 2858 126 455 174 281 640 164 476 303 2732 578 298 200 108 223 132 8169
is_linear=0
shrinkage=0.0749695


Tree=8
num_leaves=22
num_cat=0
split_feature=25 16 39 57 16 45 25 9 57 9 9 44 54 30 25 45 19 3 40 37 60
split_gain=70.9566 18.4489 12.59 6.03645 4.23027 5.2743 2.81153 2.68081 3.42284 5.65866 1.87478 1.50487 3.341 1.47046 1.45321 0.779341 1.82155 0.733207 1.20061 1.14215 0.976832
threshold=23.945000000000004 29.502950460759546 20.016666666666659 1010.85 24.535023861856867 2089.0500000000006 27.495000000000001 0.098819223632317002 1012.0500000000001 -0.12447811117596669 -0.34156760613242332 3.7719391771068529 0.75050000000000006 80.15000000000002 25.655000000000005 2231.2780000000007 34.694032153323739 0.26350000000000007 0.30512292604934693 30.079315395426356 0.33500000000000008
decision_type=2 2 2 2 2 2 2 2 2 2 2 2 2 2 2 2 2 2 2 2 2
left_child=2 3 -1 14 5 -5 -3 8 10 -10 -4 12 -6 -9 17 16 -16 -2 19 -19 -21
right_child=1 6 7 4 11 -7 -8 13 9 -11 -12 -13 -14 -15 15 -17 -18 18 -20 20 -22
leaf_value=-0.36826022591425706 -0.14284189076510945 0.0028946765430298005 -0.087007287274107656 -0.33472850624013217 -0.18986146747417654 -0.1154201665700087 0.14933298756827887 -0.041179303843914855 -0.43490972669036265 -0.15718950259777137 -0.19607697354342477 -0.018312880099951336 -0.048543085838048117 -0.13447149815088666 0.0021013864690876752 0.0051016572330311706 -0.079876710364663317 0.012469811800857142 0.0018591106701443213 -0.0025086211380863253 -0.018650979122444612
leaf_weight=91 84 1598 125 60 53 63 18128 105 74 70 64 199 155 63 141 1092 63 92 371 100 435
leaf_count=91 84 1598 125 60 53 63 7136 105 74 70 64 195 155 63 141 1092 63 92 371 100 435
internal_value=0.00184257 0.00252131 -0.0236785 -0.00301854 -0.0102789 -0.0228356 0.00334741 -0.0182214 -0.0225088 -0.0322789 -0.0137113 -0.00589622 -0.0103672 -0.00841147 -0.00131342 0.000254974 -0.00376809 -0.00335157 -0.00252462 -0.00455185 -0.00597046
internal_weight=23226 22634 592 2908 530 123 19726 501 333 144 189 407 208 168 2378 1296 204 1082 998 627 535
internal_count=12230 11638 592 2904 526 123 8734 501 333 144 189 403 208 168 2378 1296 204 1082 998 627 535
is_linear=0
shrinkage=0.0749695


Tree=9
num_leaves=22
num_cat=0
split_feature=21 21 21 10 9 20 30 57 37 9 9 54 37 59 37 1 19 9 9 9 31
split_gain=53.6027 16.9911 13.5959 9.96632 7.5908 3.60485 3.10822 2.47004 2.34932 1.9842 6.55314 1.69418 1.58585 1.42571 1.41918 1.40504 2.77127 1.32955 2.50345 1.1031 0.956797
threshold=23.495000000000001 27.525000000000002 19.915000000000003 0.68389408864483059 -0.66484924122790601 23.462178413521006 82.750000000000014 1012.1500000000002 27.610223417414932 -0.2760944163666606 -0.14153898451656977 0.23250000000000004 29.877482383694318 2.7450000000000006 31.643334043732818 5.955000000000001 36.787760192426084 -0.84293373149377071 -0.97109105924028405 -0.5123666674339783 -1.1697684578097396
decision_type=2 2 2 2 2 2 2 2 2 2 2 2 2 2 2 2 2 2 2 2 2
left_child=2 3 -1 15 -5 11 13 8 -8 -7 -11 -6 -12 -4 -14 -2 -17 18 -18 -19 -21
right_child=1 -3 6 4 5 9 7 -9 -10 10 12 -13 14 -15 -16 16 17 19 -20 20 -22
leaf_value=-0.35807479015350119 0.0047378932528193011 0.12889923974786435 -0.05955030156062105 -0.25983912112076757 -0.28364506439236992 0.014072540114353981 -0.022830256584459339 -0.38464561163202804 -0.35748353396496013 -0.3089766953458768 0.0094820846879970638 -0.132587702807693 -0.083402438808770338 -0.13170435448219434 -0.024222676962283796 0.0055664187415268461 -0.0059741551467512441 0.022448074291845931 -0.037458554983565907 -0.0247162558245104 0.0040390263261599344
leaf_weight=98 2395 18381 107 55 55 205 62 74 57 55 203 82 110 94 87 577 62 129 106 173 59
leaf_count=98 2391 7389 107 55 55 205 62 74 57 55 203 82 110 94 87 577 62 129 106 173 59
internal_value=0.00195875 0.00249703 -0.0224047 -0.00168599 -0.00894231 -0.00672313 -0.0152694 -0.0225217 -0.0126706 -0.00402587 -0.00684908 -0.0180452 -0.00290345 -0.00718118 -0.00777375 3.57048e-05 -0.00211663 -0.00608001 -0.0119128 -0.0027924 -0.00605982
internal_weight=23226 22734 492 4353 852 797 394 193 119 660 455 137 400 201 197 3501 1106 529 168 361 232
internal_count=12230 11738 492 4349 852 797 394 193 119 660 455 137 400 201 197 3497 1106 529 168 361 232
is_linear=0
shrinkage=0.0749695


Tree=10
num_leaves=22
num_cat=0
split_feature=62 55 9 62 62 25 9 37 62 37 63 10 55 52 0 58 3 37 52 57 9
split_gain=46.1216 18.2027 20.2324 9.12328 4.32193 3.15005 1.74036 1.70437 1.48668 1.05249 0.943306 0.918964 0.847612 0.960315 1.30713 0.803202 1.43472 0.727291 1.08225 0.559848 1.9463
threshold=25.859411519185205 1012.35 -0.09025077427732299 32.34599189192199 24.350423181173827 23.205000000000002 0.081675638985454754 26.748818325577179 27.806029223721971 27.610223417414932 1.4487734335524431 0.95989713290459411 1012.5500000000001 0.99650000000000005 2.2250000000000005 1.8550000000000002 0.99750000000000016 29.016470662477484 0.5635 1011.0500000000001 -0.12447811117596669
decision_type=2 2 2 2 2 2 2 2 2 2 2 2 2 2 2 2 2 2 2 2 2
left_child=1 5 4 8 -3 6 7 -1 12 -4 17 -12 13 -2 15 -15 -17 -7 -19 -10 -21
right_child=3 2 9 -5 -6 10 -8 -9 19 -11 11 -13 -14 14 -16 16 -18 18 -20 20 -22
leaf_value=-0.081728771058966698 -6.8338973922362525e-05 -0.32885004920678002 -0.01122468258672036 0.14617022026182008 -0.19812509480932908 -0.33152092472807887 -0.071314568057014152 -0.30881553676154044 0.0076829937109521938 -0.10365919357186459 0.0017026581448352117 -0.071541230703058942 -0.16836805000861935 -0.027436012804472304 -0.0052848001549265344 -0.020785791643236413 -0.042617789074782191 -0.10765716002857159 -0.016047679415691598 -0.15471161006724221 0.024506105078443603
leaf_weight=55 807 98 75 17535 56 75 59 77 2802 93 319 60 100 97 257 56 54 61 175 98 217
leaf_count=55 807 98 75 6571 56 75 59 77 2770 93 319 60 100 97 257 56 54 61 175 98 217
internal_value=0.00203621 -0.0122103 -0.0275451 0.00282423 -0.0471467 -0.00632187 -0.015075 -0.0199589 -0.000153884 -0.0079738 -0.00358132 -0.000523391 -0.00224036 -0.00153369 -0.00423848 -0.00865184 -0.0133132 -0.00669537 -0.00871552 0.000708033 -0.00208895
internal_weight=23226 1203 322 22023 154 881 191 132 4488 168 690 379 1371 1271 464 207 110 311 236 3117 315
internal_count=12230 1203 322 11027 154 881 191 132 4456 168 690 379 1371 1271 464 207 110 311 236 3085 315
is_linear=0
shrinkage=0.0749695


Tree=11
num_leaves=22
num_cat=0
split_feature=62 21 62 4 30 4 30 9 37 25 26 0 10 10 37 45 44 11 63 9 58
split_gain=37.5753 15.0993 13.4018 4.28368 4.69482 3.76253 11.7348 3.01519 2.08713 1.82044 1.27527 1.33958 1.4534 3.62713 0.776995 1.40079 0.663025 0.583415 0.560913 0.56799 0.553874
threshold=23.882393053936173 19.915000000000003 30.061105357860033 1011.2500000000001 85.850000000000009 1013.7500000000001 81.250000000000014 -0.29259762607704992 29.469935019039884 28.805000000000003 94.750000000000014 2.2550000000000003 -0.54160775828284857 -0.27608674622158907 28.19319015124125 2089.0500000000006 2.3885825753196657 9.5000000000000018 -1.1603265822937485 -0.9523687564627995 3.4050000000000007
decision_type=2 2 2 2 2 2 2 2 2 2 2 2 2 2 2 2 2 2 2 2 2
left_child=1 -1 5 7 -5 10 20 -3 -9 17 14 12 -12 -14 15 -2 -15 -4 -19 -20 -7
right_child=2 3 9 4 -6 6 -8 8 -10 -11 11 -13 13 16 -16 -17 -18 18 19 -21 -22
leaf_value=-0.43334124348618952 -0.18395035098126944 -0.00053054011410303586 0.022905810895082805 -0.10239080787127003 -0.30166086046731411 0.017053658396941222 -0.14132216730026695 -0.09363334701366717 -0.13002752276989987 0.20463044623005813 -0.0067124083157279616 0.0037019484733982057 -0.045627576113975499 -0.00094608832468827094 0.0011899005669432654 -0.08442703226242583 -0.057514697640668265 0.013505553167738367 -0.018991274136392036 -0.12048604393855167 -0.11732741070743041
leaf_weight=69 127 187 2207 88 91 105 54 58 60 16569 250 293 85 152 2259 53 58 206 86 97 72
leaf_count=69 127 187 2099 88 91 105 54 58 60 5685 250 293 85 152 2259 53 58 206 86 93 72
internal_value=0.00209753 -0.0171111 0.00257632 -0.0117569 -0.0212491 -0.0016487 -0.0109014 -0.00543957 -0.0146602 0.00335914 -0.000931754 -0.00345033 -0.00565647 -0.00926618 0 -0.00475229 -0.00285368 0.00139651 -0.000987812 -0.00421297 -0.00031974
internal_weight=23226 553 22673 484 179 3508 231 305 118 19165 3277 838 545 295 2439 180 210 2596 389 183 177
internal_count=12230 553 11677 484 179 3508 231 305 118 8169 3277 838 545 295 2439 180 210 2484 385 179 177
is_linear=0
shrinkage=0.0749695


Tree=12
num_leaves=22
num_cat=0
split_feature=62 39 62 58 38 57 11 58 10 57 37 39 1 59 37 61 45 57 61 37 29
split_gain=31.5072 13.6627 7.05677 4.33493 3.81402 2.91389 1.31679 1.87297 1.48648 1.82876 1.21811 0.964458 0.855353 0.75154 1.03127 0.71312 0.627413 0.627841 0.63973 1.30981 0.782102
threshold=26.197458428676633 20.016666666666659 32.34599189192199 3.9550000000000005 5.4430130243982493 1010.2500000000001 10.500000000000002 2.1450000000000005 0.98927755889796032 1010.35 27.476454820704216 26.471666666666653 0.45500000000000007 2.7750000000000004 29.727138008988369 0.65500000000000014 2278.5170000000003 1004.85 4.8450000000000006 32.107948079749683 74.350000000000009
decision_type=2 2 2 2 2 2 2 2 2 2 2 2 2 2 2 2 2 2 2 2 2
left_child=1 -1 6 4 11 -6 12 -8 9 -9 -7 13 -2 14 -3 -15 -14 -18 -19 -20 -21
right_child=2 3 -4 -5 5 10 7 8 -10 -11 -12 -13 16 15 -16 -17 17 18 19 20 -22
leaf_value=-0.27268368663683629 0.016292783533942305 0.02712938119122894 0.12781445307423642 -0.36607412319323074 -0.032650050873943293 -0.10754677571358584 0.0314611273618359 -0.068060303080383119 0.021181582889776753 -0.13252517801337374 -0.19481579881315431 0.025405779484094507 -0.03228213528126473 -0.11691946995524213 -0.028500216798690567 -0.011046711743288851 0.0083513792675850972 0.0030646797981939804 0.0040209588890572443 -0.019533085335629249 -0.0019642579055692707
leaf_weight=79 1562 203 17535 53 130 53 141 94 60 140 140 144 139 98 417 70 558 786 308 372 144
leaf_count=79 1538 203 6571 53 130 53 137 94 60 136 140 144 139 98 417 70 558 786 308 372 144
internal_value=0.00216208 -0.0087501 0.0028645 -0.00670166 -0.00559274 -0.0127446 0.00010128 -0.00374065 -0.00729257 -0.0100843 -0.0187024 -0.00288714 0.000582149 -0.00399994 -0.00235976 -0.00884913 -0.000268329 0 -0.000702574 -0.00221285 -0.00459364
internal_weight=23226 1387 21839 1308 1255 323 4304 435 294 234 193 932 3869 788 620 168 2307 2168 1610 824 516
internal_count=12230 1387 10843 1308 1255 323 4272 427 290 230 193 932 3845 788 620 168 2307 2168 1610 824 516
is_linear=0
shrinkage=0.0749695


Tree=13
num_leaves=22
num_cat=0
split_feature=25 21 20 53 27 52 55 9 38 43 57 9 9 44 9 1 9 11 32 0 43
split_gain=23.8025 10.9426 6.03172 3.39907 2.3467 1.78055 1.40863 1.91558 1.29321 2.63836 1.20633 1.85319 1.09595 2.38895 1.26479 0.725689 3.21436 0.693834 0.684742 0.629837 0.541707
threshold=25.535000000000004 19.915000000000003 33.430300714317248 0.57850000000000013 76.550000000000011 0.99750000000000016 1013.5500000000001 -0.10738035228456493 3.9481245596218946 27.510625000000005 1011.6500000000002 -0.55601228778889811 -0.22611359161738934 4.0676735484829214 0.31718835131409573 5.955000000000001 0.4975086818028765 9.5000000000000018 -3.2549999999999986 1.0850000000000002 27.110000000000003
decision_type=2 2 2 2 2 2 2 2 2 2 2 2 2 2 2 2 2 2 2 2 2
left_child=1 -1 6 4 -3 10 15 -8 -7 -10 -5 -12 -6 -14 -15 17 -17 -2 -19 -20 -4
right_child=2 3 20 5 12 8 7 -9 9 -11 11 -13 13 14 -16 16 -18 18 19 -21 -22
leaf_value=-0.25364606443893639 0.010849601009797103 -0.040413746475378473 0.014211893230440135 0.0025476123262783337 -0.093107564279486452 0.0052230633341391539 -0.10459338695311018 -0.010604249189025678 -0.13889753962524864 -0.011089767693161549 -0.17993475207629947 -0.020588964827778417 -0.29308616576737528 -0.052260684826597438 -0.10355875954867678 0.0018795572652218824 -0.095096641124405967 -0.23154808906980548 -0.024520040005935693 0.010371788295989823 0.14896974653244693
leaf_weight=98 2520 154 355 768 117 79 58 134 64 196 66 96 60 122 74 1005 93 57 93 412 16605
leaf_count=98 2476 154 215 768 117 79 58 130 64 196 66 96 60 122 74 981 89 57 93 408 5829
internal_value=0.00217176 -0.00584485 0.00289269 -0.00436739 -0.00951004 -0.00207232 0.000363581 -0.00576547 -0.00671713 -0.00928781 -0.00017021 -0.00613155 -0.0127446 -0.0158498 -0.0100886 0.000692096 -0.000865829 0.00130532 -0.000864544 0 0.00353393
internal_weight=23226 1894 21332 1796 527 1269 4372 192 339 260 930 162 373 256 196 4180 1098 3082 562 505 16960
internal_count=12230 1894 10336 1796 527 1269 4292 188 339 260 930 162 373 256 196 4104 1070 3034 558 501 6044
is_linear=0
shrinkage=0.0749695


Tree=14
num_leaves=22
num_cat=0
split_feature=62 59 62 21 20 42 56 44 4 37 44 10 2 63 10 43 63 37 37 43 3
split_gain=22.6393 8.51997 8.48143 5.99934 2.86746 1.74472 2.44173 1.32042 2.2577 1.73011 1.90433 2.07896 2.16666 1.37821 1.8671 2.30827 1.1579 1.00708 1.19302 0.960544 1.57079
threshold=25.859411519185205 3.3850000000000002 34.276376446219217 22.510000000000002 22.661079485005562 1.0166259535085185 1011.7500000000001 2.780650777580409 1013.0500000000001 32.082664124265506 2.3816840330028035 -0.86955717898714324 15.950000000000001 0.027430979949659932 -0.51235243343851777 28.447291666666672 1.8961986302126308 29.299709005752057 31.547012233009855 27.171041666666671 0.095500000000000015
decision_type=2 2 2 2 2 2 2 2 2 2 2 2 2 2 2 2 2 2 2 2 2
left_child=1 4 7 -3 5 6 -1 8 9 -2 -11 -12 13 -13 -15 -16 17 -6 -19 20 -9
right_child=2 3 -4 -5 16 -7 -8 19 -10 10 11 12 -14 14 15 -17 -18 18 -20 -21 -22
leaf_value=-0.065740298719257878 0.006718487149968401 -0.33845153345865125 0.1902801146097845 -0.27527342828727397 -0.039299610198877309 -0.054182846941086195 -0.16646222100055996 -0.15156830954828829 -0.11294444760974515 0.0018847292585030128 -0.00031570828595712131 -0.10601245786929982 0.001142101883083825 -0.0034195985745341839 -0.020825283485307093 -0.03275297630023636 -0.00019671359564957486 -0.094128934403805431 -0.0091206445126029122 0.014444939032362991 0.0015876861361354374
leaf_weight=99 1160 82 15555 55 185 68 96 99 54 747 332 81 123 142 65 106 373 136 109 3268 291
leaf_count=99 1100 82 4823 55 185 68 96 99 54 747 332 81 119 142 65 106 373 136 109 3068 291
internal_value=0.0021653 -0.00779772 0.00271872 -0.0255265 -0.0052807 -0.0122378 -0.0158295 0.000405692 -0.00077597 -0.000402628 -0.00205408 -0.00450092 -0.00745942 -0.0101745 -0.00686635 -0.0120734 -0.00274003 -0.00538427 -0.00856567 0.00136206 -0.00192887
internal_weight=23226 1203 22023 137 1066 263 195 6468 2810 2756 1596 849 517 394 313 171 803 430 245 3658 390
internal_count=12230 1203 11027 137 1066 263 195 6204 2746 2692 1592 845 513 394 313 171 803 430 245 3458 390
is_linear=0
shrinkage=0.0749695


Tree=15
num_leaves=22
num_cat=0
split_feature=62 56 30 59 62 31 10 57 53 45 52 58 42 31 1 26 31 42 53 26 59
split_gain=17.261 8.29357 8.33194 7.42661 5.12636 2.34797 1.39591 1.75324 1.63548 1.7965 1.50199 1.05997 0.835247 0.665149 0.548458 0.540193 0.639673 0.747901 0.967159 1.0476 0.529604
threshold=27.686770284337584 1012.0500000000001 78.15000000000002 3.0050000000000003 34.673315225271246 -1.7409573249595665 0.93225468035816128 1009.6500000000002 0.46750000000000008 1934.9640000000004 0.99650000000000005 2.3450000000000002 1.8204266878746516 -4.8622858049425473 4.2350000000000012 96.350000000000009 -3.0217643489431505 0.37089529182863995 0.99250000000000005 93.750000000000014 1.6050000000000002
decision_type=2 2 2 2 2 2 2 2 2 2 2 2 2 2 2 2 2 2 2 2 2
left_child=1 6 -3 5 12 11 10 -8 9 -9 -1 -4 13 14 -2 16 -12 -18 -19 -20 -15
right_child=4 2 3 -5 -6 -7 7 8 -10 -11 15 -13 -14 20 -16 -17 17 18 19 -21 -22
leaf_value=0.0023708143005260981 -0.098859277042092686 -0.011801091135440329 0.0048340005105601217 -0.28613681832506438 0.19348278170514679 -0.16435655942450375 -0.0016842264963229812 -0.047582609098031955 -0.018700394395849938 -0.22072874238649332 0.0066993168392766008 -0.11826210911332462 0.034686065048292233 -0.0071322560747218268 -0.0010955893201381865 0.0025238517774026207 -0.0011164449087662216 -0.027221809664917558 -0.013816460899692776 -0.029116408290676833 0.0064188368831918892
leaf_weight=1102 54 193 68 69 15206 57 166 76 68 96 66 87 1526 644 59 62 117 64 65 156 3225
leaf_count=1102 54 193 68 69 4530 57 166 76 68 96 66 87 1330 620 59 62 117 64 65 156 3125
internal_value=0.00222662 -0.00360702 -0.012553 -0.0207189 0.00294315 -0.0121943 -0.00142201 -0.00537029 -0.00943503 -0.0132661 -0.000321781 -0.00562124 0.000938857 0.000314509 -0.00513721 -0.00367175 -0.0046479 -0.00583023 -0.0078973 -0.0102176 0.000524068
internal_weight=23226 2512 474 281 20714 212 2038 406 240 172 1632 155 5508 3982 113 530 468 402 285 221 3869
internal_count=12230 2512 474 281 9718 212 2038 406 240 172 1632 155 5188 3858 113 530 468 402 285 221 3745
is_linear=0
shrinkage=0.0749695


Tree=16
num_leaves=22
num_cat=0
split_feature=21 21 10 10 54 62 55 11 3 0 10 10 62 1 61 50 44 44 60 43 24
split_gain=14.0887 9.95523 4.25334 8.12203 2.89772 1.97687 1.31586 1.12919 1.74842 0.940524 0.885992 0.967576 0.820568 0.810251 1.51803 1.88427 2.27115 1.00438 0.60371 1.03628 0.646544
threshold=28.915000000000003 18.640000000000004 0.69635043120606444 0.72660752476856549 0.33150000000000007 23.882393053936173 1010.35 11.500000000000002 0.095500000000000015 2.0950000000000002 0.33345642693991789 0.26780438508363441 36.030490009272008 4.2950000000000008 15.385000000000003 2.3250000000000761 2.5901602229444527 2.128724334812325 9.5150000000000023 28.447291666666672 30.015000000000004
decision_type=2 2 2 2 2 2 2 2 2 2 2 2 2 2 2 2 2 2 2 2 2
left_child=1 -1 9 -4 5 6 -5 -7 -9 10 11 13 -2 -3 15 16 17 -15 -11 -20 -21
right_child=12 2 3 4 -6 7 -8 8 -10 18 -12 -13 -14 14 -16 -17 -18 -19 19 20 -22
leaf_value=-0.17338121728457198 0.040721174292181202 0.0020095768844659973 -0.1375180208045379 -0.030786403690367291 0.0052903385656663691 -0.013061145878088418 -0.21892777630171514 -0.21324055281113319 -0.0089749001864090714 0.0094992246806071233 0.011792299958459877 -0.024474310798147915 0.23647909240906057 -0.025762478292683768 0.0039584499941517784 -0.004687926672379078 -0.016806171605773797 -0.050076862083162949 0.010070399923578589 -8.5258480385305932e-05 -0.024396824165928588
leaf_weight=49 2890 762 79 62 727 330 123 58 60 2671 365 55 13670 54 204 156 99 78 434 106 194
leaf_count=49 2158 754 79 62 727 330 123 58 60 2611 361 55 3498 54 200 156 99 78 426 98 194
internal_value=0.00228794 -0.000599358 -0.000314461 -0.00393322 -0.00239867 -0.00612309 -0.0128877 -0.00286043 -0.00909749 0.000658625 -0.000673978 -0.00160526 0.00346085 -0.00104851 -0.00316242 -0.00600628 -0.0102614 -0.0166342 0.00140487 -0.000296804 -0.00386075
internal_weight=23226 6666 6617 1439 1360 633 185 448 118 5178 1773 1408 16560 1353 591 387 231 132 3405 734 300
internal_count=12230 6574 6525 1439 1360 633 185 448 118 5086 1757 1396 5656 1341 587 387 231 132 3329 718 292
is_linear=0
shrinkage=0.0749695


Tree=17
num_leaves=22
num_cat=0
split_feature=21 62 55 9 4 9 63 43 9 2 62 57 32 58 52 36 27 43 44 43 27
split_gain=12.1984 6.79042 4.48376 3.65395 1.69591 2.95871 3.06494 4.54109 1.27401 0.949974 0.90575 0.882761 0.65084 0.63917 0.533674 0.785975 1.10549 0.5161 0.512788 0.504686 0.955463
threshold=28.915000000000003 22.623775382985865 1011.1500000000002 -0.14153898451656977 1012.0500000000001 -0.12447811117596669 -1.1603265822937485 27.171041666666671 -0.2760944163666606 34.800000000000004 36.030490009272008 1014.7500000000001 -1.0099999999999996 1.6250000000000002 0.99750000000000016 1.3035427801961463 93.550000000000011 28.921875000000004 4.5609235610283578 28.426875000000003 89.450000000000017
decision_type=2 2 2 2 2 2 2 2 2 2 2 2 2 2 2 2 2 2 2 2 2
left_child=1 2 8 -4 9 6 11 -8 -1 12 -2 -6 -3 19 -15 -16 -17 -7 -19 -14 -21
right_child=10 4 3 -5 5 17 7 -9 -10 -11 -12 -13 13 14 15 16 -18 18 -20 20 -22
leaf_value=0.0030099629097632033 0.037668328860065964 0.0040053020830533269 -0.25052328919782041 -0.0625229810719483 0.0071622735404848108 0.027892134694830557 -0.19337083681607037 -0.04306591623170284 -0.063448740263227305 0.026372189880852354 0.21875037683048287 -0.055649501142899488 -0.0016849769987351208 0.0010527249625944955 -0.00064600858913214476 -0.0097578744078983468 -0.025681697575812203 0.0034089394097747043 -0.060328418944181457 -0.073335738338074344 -0.0069015761309858623
leaf_weight=131 2890 2328 61 57 163 322 99 63 58 1267 13670 60 128 1127 262 119 77 96 62 63 123
leaf_count=131 2158 2328 61 57 159 318 99 63 58 1183 3498 60 128 1127 262 119 77 96 62 63 123
internal_value=0.00234281 -0.000340815 -0.0111789 -0.0226953 0.000159888 -0.00288111 -0.00779419 -0.0156561 -0.00279495 0.000672588 0.00343369 -0.00114923 8.806e-05 -0.000893384 -0.000159018 -0.00239212 -0.00595069 0.000716499 -0.00219336 -0.00399757 -0.00646308
internal_weight=23226 6666 307 118 6359 865 385 162 189 5494 16560 223 4227 1899 1585 458 196 480 158 314 186
internal_count=12230 6574 307 118 6267 857 381 162 189 5410 5656 219 4227 1899 1585 458 196 476 158 314 186
is_linear=0
shrinkage=0.0749695


Tree=18
num_leaves=22
num_cat=0
split_feature=62 62 55 9 10 4 50 38 54 9 9 0 53 9 10 62 35 31 37 9 63
split_gain=11.0681 5.24193 5.08348 1.36882 7.6577 2.43831 1.00124 0.790911 1.09538 0.783748 1.29604 0.743652 0.552637 0.626099 1.26795 0.472894 0.468157 0.44666 0.435242 1.04927 1.43282
threshold=34.276376446219217 22.353508343926404 1011.1500000000002 -0.15005400879207767 0.97690230611205509 1013.85 1.8333333333335136 3.39652636547725 0.98750000000000016 0.66484924122790601 0.54162280503947546 3.0950000000000002 0.99850000000000005 -0.96230016621822456 -0.317191288589106 35.973687561509685 34.257302866442458 -2.0875913958117933 31.946685671926392 -0.84293373149377071 1.3302217334590092
decision_type=2 2 2 2 2 2 2 2 2 2 2 2 2 2 2 2 2 2 2 2 2
left_child=1 2 -1 4 5 11 7 8 16 10 -9 12 18 -14 -15 -2 -5 -12 -3 20 -20
right_child=15 3 -4 6 -6 -7 -8 9 -10 -11 17 -13 13 14 -16 -17 -18 -19 19 -21 -22
leaf_value=-0.033030332562685706 0.029663857074339897 0.0039930674955891135 -0.22756856375268072 -0.041222396520859038 -0.18249482181728569 -0.07486412715189554 0.033439070865351375 0.0014996776586099661 0.0021455062962508751 0.059572142431771079 -0.10200428829382127 0.010114803097743095 0.0069520980577485016 -0.008181009001666387 -0.04071708081311444 0.18944056711674143 -0.051586428815549902 -0.12947827833441325 -0.00068944615020244502 0.0027048433508288557 -0.021407833156533176
leaf_weight=153 1477 1175 92 75 80 76 1717 665 197 822 56 761 80 252 56 14078 68 53 346 767 180
leaf_count=153 1053 1115 92 75 80 76 1657 665 197 722 56 721 80 252 56 3770 68 53 346 763 180
internal_value=0.0023654 1.14194e-05 -0.0106792 0.000392734 -0.00057511 -1.96523e-05 0.00144081 0.000170828 -0.00297414 0.000957171 -0.000570878 0.000216792 -0.000283668 -0.00291585 -0.00462853 0.00351455 -0.00792717 -0.0081242 6.1247e-05 -0.000807876 -0.00344455
internal_weight=23226 7671 245 7426 3773 3693 3653 1936 340 1596 774 3617 2856 388 308 15555 143 109 2468 1293 526
internal_count=12230 7407 245 7162 3669 3589 3493 1836 340 1496 774 3513 2792 388 308 4823 143 109 2404 1289 526
is_linear=0
shrinkage=0.0749695


Tree=19
num_leaves=22
num_cat=0
split_feature=25 20 63 55 4 30 10 10 62 30 57 0 61 45 61 18 41 9 57 10 9
split_gain=9.86608 3.37738 2.10969 3.55969 1.17712 3.26567 3.7613 2.01392 0.994194 0.677768 0.860859 0.657004 0.496993 1.12818 1.22007 0.465944 0.801688 0.622704 0.739816 0.45408 0.410291
threshold=28.915000000000003 22.661079485005562 -0.71239080115653042 1011.1500000000002 1012.0500000000001 83.550000000000011 0.69635043120606444 0.80898702767051955 36.175933463997289 70.050000000000011 1012.9500000000002 2.6750000000000003 0.12500000000000003 2247.5625000000005 3.8550000000000004 37.694386497989903 32.289166666666674 0.82876241254485883 1006.2500000000001 0.93225468035816128 -0.12447811117596669
decision_type=2 2 2 2 2 2 2 2 2 2 2 2 2 2 2 2 2 2 2 2 2
left_child=1 2 -1 -4 11 20 -7 -8 9 -2 15 12 19 14 -14 -11 17 18 -17 -3 -6
right_child=8 4 3 -5 5 6 7 -9 -10 10 -12 -13 13 -15 -16 16 -18 -19 -20 -21 -22
leaf_value=-0.026922271918474364 0.083811785005523443 0.018011979448418355 -0.063565341486083199 -0.23296939592629268 -0.060135069829317753 0.025235173738794022 -0.19382037855080295 -0.16864423930601793 0.19864433733472128 0.040905175532048109 -0.081795902284656302 0.008160843518584187 -0.067478648704792324 -1.9716476227902808e-05 -0.0062734768132032635 -0.067479048596030072 0.019449633556566641 0.1158857541933225 -0.0096757746713353101 -0.010934264296751081 0.022329629520858669
leaf_weight=215 1786 618 72 56 149 74 53 65 13413 739 62 1989 76 2609 70 79 285 60 109 266 381
leaf_count=215 1314 598 72 56 145 74 53 65 3337 551 38 1937 76 2589 42 79 205 48 89 266 381
internal_value=0.00239122 -1.08479e-05 -0.00724572 -0.0149711 0.000355407 -0.00243102 -0.0107559 -0.0189868 0.00337424 0.00203114 0.000578486 0.000745781 9.40428e-05 -0.000349773 -0.00668824 0.00112981 -0.000275242 -0.00364532 -0.00596441 0.00167455 0.000297877
internal_weight=23226 6693 343 128 6350 722 192 118 16533 3120 1334 5628 3639 2755 146 1272 533 248 188 884 530
internal_count=12230 6569 343 128 6226 718 192 118 5661 2324 1010 5508 3571 2707 118 972 421 216 168 864 526
is_linear=0
shrinkage=0.0749695


Tree=20
num_leaves=22
num_cat=0
split_feature=51 62 4 9 44 4 37 44 44 44 9 37 10 62 35 63 61 1 9 9 1
split_gain=9.34049 3.08325 1.97833 2.93177 1.39325 2.70049 0.925204 0.961419 2.33446 1.0895 1.03948 0.922269 0.754773 0.730345 0.644215 0.627795 0.593829 1.18311 0.550466 0.480016 1.96262
threshold=3780.4010000000007 23.112542859080101 1011.35 -0.14153898451656977 2.780650777580409 1012.7500000000001 32.261544259274793 2.3816840330028035 2.5492696943400777 2.4752522001399995 -0.833548052892222 35.755827298671925 -0.30900554811238695 36.143685119673712 27.299750936877132 5.2535307876827693 10.115 1.1650000000000003 0.66484924122790601 0.54162280503947546 1.6250000000000002
decision_type=2 2 2 2 2 2 2 2 2 2 2 2 2 2 2 2 2 2 2 2 2
left_child=1 2 -1 -4 5 6 14 11 9 10 -9 -8 -10 -2 -3 18 17 -11 19 -6 -21
right_child=13 4 3 -5 15 -7 7 8 12 16 -12 -13 -14 -15 -16 -17 -18 -19 -20 20 -22
leaf_value=-0.02338131348252688 0.042707464954765247 -0.0053868448015281338 -0.1932469142925794 -0.032285438858287538 0.0051372319665422108 -0.06802097121753134 0.0034374105844380142 -0.033297102050790055 0.0098793475559578632 -0.013876092048008302 0.0039123776043105303 -0.01770914359479394 -0.028103108847509654 0.18675077883944613 0.0075311430919443407 -0.022228979921516095 -0.067816682145965188 -0.11050213830096585 0.062931961321176205 0.0078305732274012406 -0.1197698804603945
leaf_weight=239 2210 347 98 93 1994 61 746 79 393 66 129 103 71 13309 913 62 54 115 1857 234 53
leaf_count=239 1674 347 98 93 1982 61 722 79 377 62 125 87 71 3345 901 58 54 111 1481 222 41
internal_value=0.00236217 0.000203887 -0.00590333 -0.0116023 0.000591792 -0.000578498 -0.000194145 -0.00135591 -0.00306937 -0.00696605 -0.00185174 0.00026995 0.000291819 0.00342224 0.00128296 0.00149142 -0.0106555 -0.012842 0.00163866 0.000743984 -0.00187723
internal_weight=23226 7707 430 191 7277 3077 3016 1756 907 443 208 849 464 15519 1260 4200 235 181 4138 2281 287
internal_count=12230 7211 430 191 6781 2997 2936 1688 879 431 204 809 448 5019 1248 3784 227 173 3726 2245 263
is_linear=0
shrinkage=0.0749695


Tree=21
num_leaves=22
num_cat=0
split_feature=2 28 4 38 16 10 9 41 49 9 10 61 45 38 31 43 44 44 44 61 43
split_gain=8.57111 2.635 4.36777 3.5942 1.15746 0.850276 2.32479 0.841206 1.6278 0.588941 0.509093 0.485637 0.739159 0.883977 0.527458 0.448863 0.439036 1.58583 1.18877 0.895647 0.54858
threshold=72.700000000000003 61.250000000000007 1012.0500000000001 4.9630267971846687 33.841590953382642 0.95989713290459411 0.081675638985454754 31.31666666666667 670.55000000000007 -0.14153898451656977 0.93225468035816128 0.075000000000000025 2235.5760000000005 4.294367642580708 -0.61051136977357057 27.816041666666667 2.3508762990075511 2.5425736561373515 2.4891544090625426 6.3350000000000009 31.595833333333335
decision_type=2 2 2 2 2 2 2 2 2 2 2 2 2 2 2 2 2 2 2 2 2
left_child=1 10 5 9 15 7 -7 11 -9 -4 -1 14 13 -13 -3 -2 -14 18 -18 -20 -19
right_child=4 2 3 -5 -6 6 -8 8 -10 -11 -12 12 16 -15 -16 -17 17 20 19 -21 -22
leaf_value=0.031011746337156944 -0.0038931532574245815 0.012237974590751068 -0.046120107800030542 -0.16226676806933288 0.1658844359038413 -0.082336446071828343 0.016967004263316092 -0.044773373422394493 -2.2013952572539684e-05 0.0036195534700011927 -0.02385619260932742 -0.014346743746013909 0.002159450675205221 -0.063222371809470129 -0.11648735642223362 0.031611149983411031 -0.007065746545967813 0.0023630333481638407 -0.069046964837704644 -0.024692861812727392 -0.074364446319920494
leaf_weight=2356 684 671 100 103 14114 76 81 76 112 125 261 69 1346 64 56 971 357 1345 96 53 110
leaf_count=1780 624 651 100 103 3890 76 81 64 96 125 261 61 1326 64 52 915 357 1345 96 53 110
internal_value=0.00234604 0.000225793 -0.000783532 -0.00910126 0.0033371 -0.000133142 -0.00550433 2.35481e-05 -0.00478869 -0.00274828 0.00215925 0.000287074 -3.52485e-05 -0.00548348 0.00204994 0.00128253 0.000135181 -0.000517874 -0.00416863 -0.00992852 0.000635875
internal_weight=23226 7457 4840 328 15769 4512 157 4355 188 225 2617 4167 3440 133 727 1655 3307 1961 506 149 1455
internal_count=12230 6801 4760 328 5429 4432 157 4275 160 225 2041 4115 3412 125 703 1539 3287 1961 506 149 1455
is_linear=0
shrinkage=0.0749695


Tree=22
num_leaves=22
num_cat=0
split_feature=25 10 9 30 0 10 0 38 22 54 59 3 38 43 38 16 24 1 43 24 10
split_gain=7.82351 2.2562 12.7012 1.24062 1.90345 4.21528 0.922958 1.07061 1.93839 0.848632 0.723749 0.820419 1.05587 0.533426 0.91119 0.44237 0.386025 0.708973 0.432985 0.44502 0.426168
threshold=30.685000000000006 0.69635043120606444 -0.66484924122790601 80.450000000000017 2.7450000000000006 0.97690230611205509 2.2250000000000005 2.8722474010449193 28.295000000000005 0.98250000000000004 2.0250000000000004 0.99750000000000016 3.939373310579708 28.369375000000005 5.0518929441882641 33.841590953382642 29.965000000000003 6.4150000000000009 28.268125000000001 32.465000000000011 -0.8038981836306559
decision_type=2 2 2 2 2 2 2 2 2 2 2 2 2 2 2 2 2 2 2 2 2
left_child=1 6 -3 -4 13 -6 7 8 -1 -9 -11 -12 -13 -5 -15 -2 -8 20 -19 -20 -18
right_child=15 2 3 4 5 -7 16 9 -10 10 11 12 -14 14 -16 -17 17 18 19 -21 -22
leaf_value=0.00071695783333589156 0.023999023629237646 -0.15362772243262846 0.015620736453011905 0.0098774326193292947 -0.030614401895595642 -0.19082064824761438 0.0184913422866918 0.011350590146868126 -0.10821243261476764 0.0035684189113546162 -0.00077935092170639073 -0.01706717680294283 -0.019656224435670566 0.0031062273820951793 -0.043200881131339422 0.16866233173041584 -0.00026040816244951359 0.0037716806757718533 -0.018953913277203638 -0.045217465422376292 0.019678094394945084
leaf_weight=73 315 92 931 378 129 54 2836 1174 54 746 541 66 102 79 72 13369 540 105 177 110 1283
leaf_count=69 255 92 907 378 129 54 2044 962 54 702 513 66 102 79 72 3645 540 105 173 110 1179
internal_value=0.00235249 0.000681097 -0.00171948 -6.68931e-05 -0.00251741 -0.00904207 0.00123795 6.57223e-05 -0.006484 0.000457654 -0.00066158 -0.00243855 -0.00709847 0 -0.00392059 0.00350448 0.00184178 0.000958757 -0.00171049 -0.00342675 0.00163252
internal_weight=23226 9542 1735 1643 712 183 7807 2756 127 2629 1455 709 168 529 151 13684 5051 2215 392 287 1823
internal_count=12230 8330 1711 1619 712 183 6619 2468 123 2345 1383 681 168 529 151 3900 4151 2107 388 283 1719
is_linear=0
shrinkage=0.0749695


Tree=23
num_leaves=22
num_cat=0
split_feature=30 10 9 2 59 1 59 21 20 55 43 9 44 63 10 61 45 61 9 9 38
split_gain=7.1326 3.51074 14.4871 1.26171 1.00632 0.82121 0.78769 0.640934 0.559672 0.559109 0.582004 0.816581 1.34039 0.969935 0.629924 1.51307 1.78105 0.636044 0.388404 0.811365 0.329543
threshold=69.850000000000009 0.69635043120606444 -0.67760851415498069 111.85000000000001 4.0150000000000006 0.47500000000000003 1.5450000000000002 29.865000000000006 37.645437885324988 1005.9500000000002 27.971041666666668 -0.9523687564627995 2.4140436580836986 1.3826638544746255 -0.86955717898714324 5.1350000000000007 2506.596 11.665000000000001 -0.86095304316285715 -0.96683886033945943 5.4274199257993949
decision_type=2 2 2 2 2 2 2 2 2 2 2 2 2 2 2 2 2 2 2 2 2
left_child=7 3 -3 5 20 8 18 -1 -2 10 -7 12 -12 14 -13 -16 17 -17 19 -5 -4
right_child=1 2 4 6 -6 9 -8 -9 -10 -11 11 13 -14 -15 15 16 -18 -19 -20 -21 -22
leaf_value=0.016238404618978811 0.013441634578772822 -0.13655425291144085 0.0074466335404590796 -0.0061269521551286831 -0.15135375531353978 0.0034496939102309785 0.049861745781882294 0.16718072327173755 -0.02297349709158715 0.0017057380772781919 -0.010806972066439812 -0.0011193685382247334 -0.042651167718597449 0.023504598429385119 -0.0011485049675597049 -0.11571367991665585 -0.0035772876308357874 -0.031586232536785198 0.022086844134132456 -0.028382554784549797 -0.018051625183177909
leaf_weight=1037 1699 72 692 103 89 374 2382 12660 63 2344 60 305 62 255 186 67 69 61 167 80 399
leaf_count=805 1539 72 676 55 89 350 1226 3572 39 2276 56 289 62 211 134 63 69 57 127 64 399
internal_value=0.00232344 0.000724103 -0.00292754 0.00129896 -0.000736137 0.000606277 0.00263719 0.00342263 0.00194162 0 -0.00117832 -0.0021312 -0.00808903 -0.00114629 -0.00273494 -0.00474878 -0.00927094 -0.0144001 -0.000237441 -0.00300569 0
internal_weight=23226 9529 1252 8277 1180 5545 2732 13697 1762 3783 1439 1065 122 943 688 383 197 128 350 183 1091
internal_count=12230 7853 1236 6617 1164 5145 1472 4377 1578 3567 1291 941 118 823 612 323 189 120 246 119 1075
is_linear=0
shrinkage=0.0749695


Tree=24
num_leaves=22
num_cat=0
split_feature=62 62 0 9 27 9 10 61 9 37 63 27 38 36 63 40 20 0 56 0 52
split_gain=6.46134 1.8585 1.3443 1.55246 2.61703 1.08774 4.37919 0.930939 0.857765 0.696087 0.696994 0.997366 1.16874 2.19085 0.684964 0.59638 0.815248 0.594903 0.47821 0.569793 0.599297
threshold=36.811114480798615 23.112542859080101 2.1650000000000005 -0.12447811117596669 87.450000000000017 -0.14153898451656977 0.97690230611205509 1.9450000000000001 -0.55601228778889811 34.320926388061004 1.5883317098973466 89.450000000000017 2.8351474932731917 1.5457619016433015 2.999449932512301 0.20599352740566879 29.746991564604532 1.0250000000000001 1013.6500000000002 3.1450000000000005 0.99850000000000005
decision_type=2 2 2 2 2 2 2 2 2 2 2 2 2 2 2 2 2 2 2 2 2
left_child=1 2 -1 4 -4 6 14 15 -6 -9 11 12 -11 -14 18 16 -7 -2 19 20 -3
right_child=17 5 3 -5 8 7 -8 9 -10 10 -12 -13 13 -15 -16 -17 -18 -19 -20 -21 -22
leaf_value=0.0040946756809054604 -0.0067436816143308922 0.0008974144798094937 -0.1661527722873922 -0.0046783468759298954 -0.052246263405001894 -0.10320465602182703 -0.14672944345898714 0.0083925533347616686 0.036617035842363581 -0.0011459236982666308 0.019191656608687564 -0.0030019585591397921 -0.095803065866717607 -0.042265563431552917 0.030918955231517057 0.034133656766940031 0.017009381519621242 0.14829355242859152 -0.024678785364895425 0.010286912544999039 -0.0075336048392557675
leaf_weight=158 245 2542 53 96 54 104 68 556 69 89 164 180 57 104 606 3394 280 12888 101 998 420
leaf_count=158 77 2346 53 96 54 104 68 508 69 73 156 180 57 100 426 2854 268 3132 93 942 416
internal_value=0.00233635 0.000885625 -0.00382707 -0.00708561 -0.011214 0.00111504 0.00025899 0.00190064 -0.00324642 0 -0.00174704 -0.00348102 -0.00654672 -0.0102985 0.000577388 0.00246876 0 0.00343718 0.000178352 0.000352195 -0.000114249
internal_weight=23226 10093 430 272 176 9663 4735 4928 123 1150 594 430 250 161 4667 3778 384 13133 4061 3960 2962
internal_count=12230 9021 430 272 176 8591 4291 4300 123 1074 566 410 230 157 4223 3226 372 3209 3797 3704 2762
is_linear=0
shrinkage=0.0749695


Tree=25
num_leaves=22
num_cat=0
split_feature=25 10 9 2 10 9 9 3 44 3 43 9 44 41 10 10 49 10 0 59 45
split_gain=6.07607 1.53132 5.08405 0.77835 0.714569 5.34199 2.84374 0.618122 0.711206 0.61552 0.800223 0.602696 0.576965 0.56914 0.781274 1.83404 0.541308 0.51147 0.493575 0.475377 0.471562
threshold=31.165000000000003 0.69635043120606444 -0.66484924122790601 62.650000000000006 0.95989713290459411 -0.15855791680139872 -0.20931270765420754 0.99650000000000005 4.468160382250729 0.046500000000000007 28.566041666666671 -0.94697898371965705 2.780650777580409 31.377500000000001 -0.27608674622158907 -0.317191288589106 723.30000000000007 -0.8140159405215136 2.5650000000000004 1.4850000000000001 2278.5170000000003
decision_type=2 2 2 2 2 2 2 2 2 2 2 2 2 2 2 2 2 2 2 2 2
left_child=1 3 -3 12 7 6 -6 8 -4 -10 -11 18 13 14 15 -1 -15 20 -2 -5 -14
right_child=11 2 4 19 5 -7 -8 -9 9 10 -12 -13 17 16 -16 -17 -18 -19 -20 -21 -22
leaf_value=-0.00045392084427394114 -0.02113606896793668 -0.12731646421825754 0.025955951071165287 -0.0072776055766512436 -0.039581144419815036 0.013742358231508675 -0.1619937921961177 -0.025299712498615724 0.037847469583095532 0.00033218030416528937 -0.034138370298317532 0.15277165080181157 -0.031395928099871587 -0.039440087908867605 0.0067790376262509919 -0.034950658557790823 -0.0013443614318170447 0.013812465912499072 0.075094244539471958 0.037809827724853126 0.0043709918792527915
leaf_weight=1677 203 94 792 350 76 493 58 60 100 55 86 12214 266 101 820 72 89 1887 262 2898 573
leaf_count=1657 71 94 756 258 76 493 58 60 100 55 86 3286 214 89 808 72 69 1683 82 1594 569
internal_value=0.00229117 0.00093776 -0.000986737 0.00135817 0 -0.00205403 -0.0152451 0.00111254 0.00168336 -0.00140213 -0.00497164 0.00340239 0.000763164 0 0.000293459 -0.000520631 -0.00392465 0.00153601 0.0002992 0.00230627 0
internal_weight=23226 10547 1814 8733 1720 627 134 1093 1033 241 141 12679 5485 2759 2569 1749 190 2726 465 3248 839
internal_count=12230 8791 1778 7013 1684 627 134 1057 997 241 141 3439 5161 2695 2537 1729 158 2466 153 1852 783
is_linear=0
shrinkage=0.0749695


Tree=26
num_leaves=22
num_cat=0
split_feature=51 9 9 43 53 37 9 1 56 57 38 45 37 0 4 30 16 43 41 38 20
split_gain=5.78257 1.69378 1.74572 2.29115 1.53092 1.22247 1.03464 0.677813 0.628707 0.542061 1.2484 2.4291 0.525061 0.431217 0.6143 0.906197 0.410009 0.519713 0.40543 0.399417 0.462186
threshold=10474.726500000002 0.1670500785599974 0.12447811117596704 29.148333333333337 0.076500000000000012 26.979048636064768 -0.99052327954040364 2.5650000000000004 1004.0500000000001 1011.6500000000002 5.1410329673178117 2106.6115000000004 40.678318281796528 3.1450000000000005 1006.0500000000001 73.850000000000009 36.351468139691328 31.554375000000004 26.885833333333341 2.7614973517806898 31.245147408083579
decision_type=2 2 2 2 2 2 2 2 2 2 2 2 2 2 2 2 2 2 2 2 2
left_child=1 2 4 -4 5 -1 -2 12 -9 13 -11 -12 19 14 15 -6 17 -10 -8 -3 -21
right_child=6 7 3 -5 9 -7 18 8 16 10 11 -13 -14 -15 -16 -17 -18 -19 -20 20 -22
leaf_value=-0.0028843737030279223 -0.013262476047082767 -0.0010225660091587403 -0.0022571995397966619 -0.049249113857052343 -0.05041836889031976 -0.13553146223896662 0.019516498614754754 -0.043149798230286786 0.0010048511165928267 0.0030961453799644868 -0.01390058309623097 -0.11827183874825849 -0.03163121713171084 0.0086307371304775154 0.0021667151504632578 -0.00075329389966781359 0.043410835024061005 -0.099436297188235212 0.14196465735321734 0.0078837187747756339 0.057047206988869295
leaf_weight=66 218 232 66 64 116 79 573 116 445 292 94 53 119 1015 2648 920 365 59 12405 996 2285
leaf_count=66 106 144 66 64 64 79 473 96 417 276 90 53 59 919 2528 860 129 59 3121 996 1565
internal_value=0.00224921 0.000867649 0 -0.00850345 0.000181087 -0.00726416 0.00328531 0.00192229 0 0.00043044 -0.0019779 -0.00761643 0.00239675 0.000694627 0.000260633 -0.00121323 0.000865377 -0.000209696 0.00337571 0.00258553 0.00280012
internal_weight=23226 10030 5413 130 5283 145 13196 4617 985 5138 439 147 3632 4699 3684 1036 869 504 12978 3513 3281
internal_count=12230 8530 5065 130 4935 145 3700 3465 701 4790 419 143 2764 4371 3452 924 605 476 3594 2705 2561
is_linear=0
shrinkage=0.0749695


Tree=27
num_leaves=22
num_cat=0
split_feature=62 9 9 55 37 38 38 44 57 61 44 38 9 43 9 56 21 31 53 37 55
split_gain=5.98804 1.4585 2.67283 3.30628 3.71593 5.70328 1.05935 1.49547 0.890237 0.64695 0.822036 1.29774 4.10198 1.34794 1.19544 0.609607 0.822106 0.602017 0.452614 0.449226 0.459228
threshold=37.67045672492582 -0.13301347478292289 -0.2760944163666606 1009.2500000000001 26.979048636064768 5.6234673182403636 3.5841268722963 4.2273754884346575 1013.6500000000002 0.015000000000000001 2.3885825753196657 4.4780045991057156 -0.86095304316285715 27.078750000000003 -0.99273952934267318 1004.1500000000002 29.455000000000002 -0.36669444239082333 0.99750000000000016 33.45825000110333 1004.5500000000001
decision_type=2 2 2 2 2 2 2 2 2 2 2 2 2 2 2 2 2 2 2 2 2
left_child=1 2 8 18 -5 -6 7 15 9 -1 -11 12 -12 -13 -15 16 -3 19 -4 20 -16
right_child=-2 6 3 4 5 -7 -8 -9 -10 10 11 13 -14 14 17 -17 -18 -19 -20 -21 -22
leaf_value=0.040920791047186433 0.14054983270159022 0.0013408193512083296 0.0013361396045976684 -0.0030188463467867889 -0.13999451748406005 -0.040273737063838598 0.026903847394620109 -0.056148664918964912 -0.0448851518305095 0.0074057351819415938 -0.066291721700850154 -0.044181681483264845 -0.0011684044809213807 -0.038159512150050985 -0.0081946930214919066 0.0056233720244766548 -0.032090130234549215 0.039456116985109826 -0.018600102883568229 0.020488764734271778 0.00058599640463769431
leaf_weight=666 11184 87 331 100 53 56 4726 69 105 2061 88 97 270 80 220 1058 60 785 88 249 793
leaf_count=562 2432 87 259 100 53 56 3670 53 97 1689 88 65 242 76 200 926 48 461 84 221 761
internal_value=0.00219435 0.00101276 0.000157731 -0.00441994 -0.0120664 -0.0214765 0.00184347 0 0.000724038 0.000890057 0.000528738 -0.000305033 -0.00450674 0.000296841 0.000773133 0.00055028 -0.00362588 0.00120552 -0.000118757 4.25979e-05 -0.000514081
internal_weight=23226 12042 6042 628 209 109 6000 1274 5414 5309 4643 2582 358 2224 2127 1205 147 2047 419 1262 1013
internal_count=12230 9798 5014 552 209 109 4784 1114 4462 4365 3803 2114 330 1784 1719 1061 135 1643 343 1182 961
is_linear=0
shrinkage=0.0749695


Tree=28
num_leaves=22
num_cat=0
split_feature=30 10 10 9 20 2 21 59 9 9 20 56 30 10 9 61 10 10 0 49 35
split_gain=5.5884 1.50129 2.90842 1.00508 4.22247 1.30635 0.93745 0.834399 0.877565 2.0513 0.790549 0.833085 0.768995 0.78542 3.70768 0.691062 0.569614 1.78442 1.72395 1.1416 1.37307
threshold=63.650000000000013 0.69635043120606444 0.72064045540576316 -0.99273952934267318 37.540657975866793 129.45000000000002 30.015000000000004 1.4850000000000001 -0.86095304316285715 -0.96683886033945943 37.645437885324988 1005.2500000000001 77.65000000000002 0.97690230611205509 -0.12447811117596669 3.3950000000000005 -0.8038981836306559 -0.86955717898714324 2.3550000000000004 569.1500000000002 32.821222534599634
decision_type=2 2 2 2 2 2 2 2 2 2 2 2 2 2 2 2 2 2 2 2 2
left_child=6 3 -3 4 15 10 -1 8 9 -7 16 -12 -4 -14 -15 -2 17 -5 -19 20 -20
right_child=1 2 12 5 -6 7 -8 -9 -10 -11 11 -13 13 14 -16 -17 -18 18 19 -21 -22
leaf_value=0.00085783319450590705 -0.030418636381117949 -0.10545956385805862 0.017475007515898637 0.0024643498065770844 -0.085918586351751827 0.073134724300252515 0.14711326384090737 0.058215669101811078 0.02940898237342628 -0.055554869708209803 -0.020820274736287198 0.017775798488308972 -0.0029804976572053768 -0.12945281024304225 -0.0017500729219832997 0.012703773866996781 0.0063662976474217923 0.00017201156454492222 -0.032277710889798077 -0.18738930037774776 -0.08797800979002969
leaf_weight=517 90 56 539 1706 64 86 10421 4186 238 84 153 212 649 54 185 266 3327 173 68 67 85
leaf_count=425 82 56 503 1614 48 42 2773 1746 150 68 85 92 649 54 185 206 3083 173 68 43 85
internal_value=0.00215562 0.00103701 -0.00113335 0.00135167 -0.00205783 0.00150735 0.00339528 0.0024676 -0.000404462 -0.00481021 0.000713804 -0.00251781 -0.000328589 -0.00178479 -0.00546704 0.000713389 0.000965464 0 -0.00453436 -0.00893713 -0.0124565
internal_weight=23226 12288 1483 10805 420 10385 10938 4594 408 170 5791 365 1427 888 239 356 5426 2099 393 220 153
internal_count=12230 9032 1447 7585 336 7249 3198 2006 260 110 5243 177 1391 888 239 288 5066 1983 369 196 153
is_linear=0
shrinkage=0.0749695


Tree=29
num_leaves=22
num_cat=0
split_feature=62 9 9 10 9 9 1 43 7 9 26 43 20 34 57 3 9 63 36 59 28
split_gain=5.14261 1.03433 2.81789 1.56093 3.77536 3.15405 0.820298 0.876436 0.714218 0.549526 1.04718 0.516769 0.58636 0.663343 0.516228 0.46607 0.609641 2.00755 0.466088 0.464738 0.494683
threshold=37.67045672492582 0.15005400879207817 0.12447811117596704 0.95989713290459411 -0.14153898451656977 -0.19244979981841004 2.3950000000000005 31.554375000000004 0.12940952255126045 -0.86958133671945925 65.15000000000002 35.464791666666677 31.245147408083579 0.20138230511141617 1013.6500000000002 0.99750000000000016 -0.99273952934267318 1.1572956136454648 1.2380142262838429 1.9550000000000003 89.050000000000011
decision_type=2 2 2 2 2 2 2 2 2 2 2 2 2 2 2 2 2 2 2 2 2
left_child=1 2 3 14 5 8 11 19 -5 10 -2 12 13 -3 15 16 17 -1 -18 20 -8
right_child=9 6 -4 4 -6 -7 7 -9 -10 -11 -12 -13 -14 -15 -16 -17 18 -19 -20 -21 -22
leaf_value=0.0060047031793453382 -0.036047559036150166 -0.1061222199763848 -0.045160811021946183 0.0092481510735088184 0.012195129164644325 -0.11988459458791273 -0.052713415897192653 -0.063760144976205385 -0.088072734137041572 0.13243840107596838 0.056223515171102488 -0.026218747598885227 0.047924001659812351 0.0077633075092510819 -0.033613886045312125 -0.0018085185736935812 0.001718016768949818 -0.06765669765759387 0.0098375706510561312 0.0066250808419585716 0.014691783682940891
leaf_weight=194 187 53 96 65 384 72 73 116 55 10204 793 98 2874 999 105 980 1722 53 3535 484 84
leaf_count=174 63 53 96 65 384 72 69 96 55 2128 241 50 1970 999 97 936 1278 53 2851 436 64
internal_value=0.00219758 0.00109989 0.000502277 0.000699348 -0.00295312 -0.0115237 0.00196922 -7.58222e-05 -0.00220051 0.00336284 0.00134332 0.00239801 0.00255512 0.000797009 0.00104703 0.00115354 0.00142688 -0.00187771 0.00161715 0.000775992 -0.00223043
internal_weight=23226 12042 7261 7165 576 192 4781 757 120 11184 980 4024 3926 1052 6589 6484 5504 247 5257 641 157
internal_count=12230 9798 6061 5965 576 192 3737 665 120 2432 304 3072 3022 1052 5389 5292 4356 227 4129 569 133
is_linear=0
shrinkage=0.0749695


Tree=30
num_leaves=22
num_cat=0
split_feature=21 2 38 55 8 28 43 63 55 0 25 2 0 18 54 26 17 31 43 10 33
split_gain=4.93951 1.91795 0.925261 1.2433 1.39072 0.928391 1.76463 4.07016 0.85972 1.21266 1.06738 2.37383 0.679049 0.532422 0.51279 0.750469 1.12254 1.26368 0.475561 0.452249 0.879088
threshold=32.925000000000004 367.15000000000003 5.0068879165782798 1009.5500000000001 0.78656609248549303 64.550000000000011 27.171041666666671 -1.6234056087280579 1005.9500000000002 3.0250000000000004 29.815000000000001 79.600000000000009 1.175 39.532148975843867 0.98150000000000015 90.15000000000002 36.901650635588055 -2.4048168785246786 28.503125000000001 0.98043284291745803 23.611190631667203
decision_type=2 2 2 2 2 2 2 2 2 2 2 2 2 2 2 2 2 2 2 2 2
left_child=1 2 8 -4 5 -5 7 -7 9 10 14 -12 -3 -11 -1 16 17 -16 -8 -10 -21
right_child=-2 12 3 4 -6 6 18 -9 19 13 11 -13 -14 -15 15 -17 -18 -19 -20 20 -22
leaf_value=0.016054401027915659 0.15964098860076689 -0.021187268099458943 0.0014431680131361197 -0.0067824214039717756 0.001871167527549084 0.01407451545682221 0.0097252436868901886 -0.094448636660556043 0.0070191298850943119 0.015509298041921568 -0.026766622087827235 -0.013765163858695754 0.060968782159073719 -0.023028113462876098 -0.0067593224343990132 7.831000336257499e-05 -0.00099142200477502114 -0.067008774229498747 -0.044052920412400609 0.013416663277449122 -0.12178744718523629
leaf_weight=342 8498 180 1597 127 276 56 111 97 4583 779 130 257 5166 135 54 460 84 79 58 88 69
leaf_count=274 1974 80 1373 127 276 56 111 97 4023 495 94 97 2182 103 54 460 60 79 58 88 69
internal_value=0.00214271 0.00129274 0.000620817 -0.000629307 -0.00322907 -0.00582939 -0.00795547 -0.0138955 0.00105735 -5.2241e-05 -0.00150647 -0.00485377 0.00243745 0.00198756 -4.90565e-05 -0.00140716 -0.0050261 -0.00933388 -0.00137889 0.00163774 -0.00176273
internal_weight=23226 14728 9382 2322 725 449 322 153 7060 2320 1406 387 5346 914 1019 677 217 133 169 4740 157
internal_count=12230 10256 7994 2098 725 449 322 153 5896 1716 1118 191 2262 598 927 653 193 133 169 4180 157
is_linear=0
shrinkage=0.0749695


Tree=31
num_leaves=22
num_cat=0
split_feature=30 2 9 37 20 57 21 59 43 38 38 38 37 43 38 9 44 44 6 59 53
split_gain=5.07776 0.929957 1.12889 2.26571 0.864039 0.902494 0.788906 0.745115 0.740524 0.69413 0.631057 1.54863 0.627425 0.517638 1.75002 0.556876 1.0463 1.34129 0.991114 0.63903 0.513558
threshold=63.650000000000013 129.45000000000002 -0.99273952934267318 31.789218606824381 37.645437885324988 1006.4500000000002 30.015000000000004 1.5450000000000002 32.435625000000009 5.1150895358215589 4.5543143165701894 4.2664771775293682 31.808860110519742 31.595833333333335 3.7828902706320506 0.1670500785599974 3.3946909467912638 3.5053083450269242 0.37940952255126048 1.7450000000000003 0.62150000000000005
decision_type=2 2 2 2 2 2 2 2 2 2 2 2 2 2 2 2 2 2 2 2 2
left_child=6 4 3 -3 8 -6 -1 10 13 -9 11 -4 -11 15 -15 16 -2 -18 -19 -17 -20
right_child=1 2 7 -5 5 -7 -8 9 -10 12 -12 -13 -14 14 -16 19 17 18 20 -21 -22
leaf_value=0.0016128161560355102 0.0015497323550137951 0.053509788391400005 0.0027140257194997203 -0.03598939448703762 -0.017057893725872235 0.020913253606704707 0.12292085636488183 0.054244859842508167 0.052342204063950945 -0.023053435393289669 0.06838523354148085 -0.04283229566687366 0.029085279400611726 -0.085904408865559681 -0.00033220696152433068 -0.010956620636669178 -0.07100596156732901 0.0042478926218445468 -0.069942490497671733 0.011979765593421862 -0.032799426209624699
leaf_weight=517 3636 123 192 88 171 205 10421 3586 577 391 194 94 413 61 263 243 62 367 89 1459 74
leaf_count=425 3520 63 132 68 91 93 2773 1490 481 235 106 74 209 61 255 219 62 367 89 1343 74
internal_value=0.00211689 0.00104921 0.00183828 -0.00317271 0.000467567 -0.00292904 0.00329936 0.00209402 0.000681969 0.00240813 -0.000406255 -0.00293326 0.000168916 0.00041118 -0.00238655 0.000595366 8.8925e-05 -0.002773 -0.00114135 0.00174616 -0.00607213
internal_weight=23226 12288 5081 211 7207 376 10938 4870 6831 4390 480 286 804 6254 324 5930 4228 592 530 1702 163
internal_count=12230 9032 2377 131 6655 184 3198 2246 6471 1934 312 206 444 5990 316 5674 4112 592 530 1562 163
is_linear=0
shrinkage=0.0749695


Tree=32
num_leaves=22
num_cat=0
split_feature=51 9 37 56 9 9 9 37 9 29 9 9 53 53 63 0 38 0 10 9 53
split_gain=5.10951 1.48607 1.60661 3.2002 1.4446 1.10453 0.927568 0.785432 0.733959 0.931268 0.527316 0.762239 1.72501 0.554759 0.960143 1.46273 0.522605 0.667628 0.490987 1.81993 0.447733
threshold=10894.744500000003 0.65189295912203338 36.04040853813531 1004.85 -0.15855791680139872 0.6254047815183511 -0.99273952934267318 40.678318281796528 -0.3171883513140959 90.750000000000014 0.1670500785599974 0.12447811117596704 0.96750000000000014 0.20950000000000002 -1.1070359141447186 2.7050000000000005 2.8722474010449193 2.3750000000000004 0.91925191855388755 0.34964421742355262 0.99750000000000016
decision_type=2 2 2 2 2 2 2 2 2 2 2 2 2 2 2 2 2 2 2 2 2
left_child=1 2 5 -4 6 10 -2 16 -8 -10 11 13 -13 14 -1 -16 17 -3 -12 -20 -15
right_child=4 7 3 -5 -6 -7 8 -9 9 -11 18 12 -14 20 15 -17 -18 -19 19 -21 -22
leaf_value=0.0042725118688558689 -0.019249993358655262 -0.037928766176949118 -0.057483390631964074 -0.0019676714074579444 0.13920732782712264 -0.05255555080232812 0.056617343759834703 -0.021159813935678298 -0.081017978856238321 0.059800617580962223 0.01628930102331776 0.0058306164397412827 -0.04569383979428316 0.0026507013251909637 -0.0052193867935114531 -0.10776662021906834 0.051013789789790154 0.041367720653381096 0.02517858467285998 -0.034979028644151158 -0.0024091152940635021
leaf_weight=102 167 136 86 177 8754 58 3736 133 134 246 1270 63 62 4092 86 62 2377 206 187 54 1038
leaf_count=102 87 100 70 145 2034 58 1316 69 102 86 1070 63 62 3752 86 62 1661 86 187 54 978
internal_value=0.00206203 0.000780191 0.000188631 -0.00548107 0.0030497 0.000427097 0.00183246 0.00223753 0.00208238 -0.000707838 0.000538499 0.00016154 -0.0054748 0.000328925 -0.00299498 -0.00704579 0.00254926 0 0.00179065 -0.000788363 0.000527501
internal_weight=23226 10189 7337 263 13037 7074 4283 2852 4116 380 7016 5505 125 5380 250 148 2719 342 1511 241 5130
internal_count=12230 8605 6689 215 3625 6474 1591 1916 1504 188 6416 5105 125 4980 250 148 1847 186 1311 241 4730
is_linear=0
shrinkage=0.0749695


Tree=33
num_leaves=22
num_cat=0
split_feature=25 51 9 59 44 56 9 43 43 9 19 38 44 55 10 9 29 10 9 10 43
split_gain=4.85217 1.02948 0.886722 1.54948 1.20849 0.877196 0.657802 0.873542 1.60847 0.724247 0.862467 0.549593 1.00865 0.45605 0.451134 2.87978 0.447643 0.432701 0.429351 2.54467 0.70076
threshold=32.915000000000006 10894.744500000003 -0.86958133671945925 1.7050000000000003 2.7441040713107872 1005.9500000000002 0.66484924122790601 31.554375000000004 31.782291666666669 0.6254047815183511 36.588526939558186 3.5841268722963 3.7348315445839355 1012.6500000000002 0.20088311396693925 0.95747632178960107 90.750000000000014 -0.98518361333263327 -0.15005400879207767 0.97690230611205509 28.853750000000005
decision_type=2 2 2 2 2 2 2 2 2 2 2 2 2 2 2 2 2 2 2 2 2
left_child=1 6 3 -3 -5 16 7 9 -9 18 -11 12 -8 -7 -13 -16 -4 -2 19 -1 -20
right_child=17 2 5 4 -6 13 11 8 -10 10 -12 14 -14 -15 15 -17 -18 -19 20 -21 -22
leaf_value=0.0012833745707685035 0.014291915859458611 -0.028856052134998277 -0.052899755234010401 0.045548608384401876 -0.054673149048630874 0.083935526415402362 0.0022324541565972261 -0.0569308778388041 0.0017215857252429027 -0.053527128919734261 1.4769143499427013e-07 0.085609581035442056 -0.070725727344710457 -0.011732715932049886 0.042189487684542913 -0.10621205789620164 0.020027772793879496 0.13624785241199733 0.021383206816776291 -0.095774588086341997 0.00035214778258559445
leaf_weight=4387 279 156 133 1074 162 3126 406 56 53 69 54 1058 69 199 459 57 434 8318 1185 68 1424
leaf_count=4083 115 80 77 374 70 1002 294 56 53 57 54 758 61 179 455 57 154 1870 1041 68 1272
internal_value=0.00204912 0.00119927 0.00205341 0.000280415 0.00129571 0.00264094 0.000696653 0.000332968 -0.00612135 0.000458442 -0.00502725 0.00190206 0 0.00310548 0.0025818 0.000349218 0 0.00347349 0.000581517 9.02828e-05 0.00135082
internal_weight=23226 14629 5284 1392 1236 3892 9345 7296 109 7187 123 2049 475 3325 1574 516 567 8597 7064 4455 2609
internal_count=12230 10245 1936 524 444 1412 8309 6684 109 6575 111 1625 355 1181 1270 512 231 1985 6464 4151 2313
is_linear=0
shrinkage=0.0749695


Tree=34
num_leaves=22
num_cat=0
split_feature=62 9 47 37 56 38 44 58 44 45 10 44 19 37 9 9 59 53 63 60 63
split_gain=4.67037 1.15817 1.03816 0.769265 1.73423 0.688514 0.498483 0.446881 0.614804 0.373655 0.767591 1.51068 1.26484 1.1103 0.54452 2.05068 0.433166 0.421536 0.485332 0.693611 0.41542
threshold=38.32831665251841 0.65189295912203338 371.00000000000006 36.04040853813531 1004.85 3.4546491028333115 3.8149093242212282 1.2150000000000001 2.5425736561373515 2328.2460000000005 -0.96227343267549392 3.1339740548843849 34.373541344164344 33.684150995025654 -0.12447811117596669 -0.19244979981841004 1.6650000000000003 0.99650000000000005 -1.8979834228715526 1.8550000000000002 3.3636170546818147
decision_type=2 2 2 2 2 2 2 2 2 2 2 2 2 2 2 2 2 2 2 2 2
left_child=1 2 3 9 -5 6 -3 8 -4 10 11 13 -13 -1 15 17 20 -12 -19 -20 -16
right_child=-2 5 7 4 -6 -7 -8 -9 -10 -11 14 12 -14 -15 16 -17 -18 18 19 -21 -22
leaf_value=0.0060953550447147955 0.11477921807519947 0.0025825885329766357 -0.034627296501899642 -0.047288376082144201 -0.00068109800853891208 0.070755445485922303 -0.042010401409788047 0.037949795189107162 0.0081876917017374914 0.0022938126454405553 0.0032464225681639548 -0.020766263256553206 -0.04903831855644749 -0.04651485695246426 0.0014418735863600133 -0.088594416619423938 0.016272209711682147 0.00074400218729040206 -0.025435752043282033 -0.0055844756741908882 -0.032642268974655705
leaf_weight=334 8447 428 85 70 162 2577 77 4108 152 3574 1400 80 59 87 135 68 1051 118 93 58 63
leaf_count=226 1611 304 41 62 138 1665 57 1804 68 3526 1132 64 59 71 127 68 923 98 81 42 63
internal_value=0.00206848 0.00124542 0.000880831 0.000308009 -0.00382948 0.00256886 0 0.00180806 -0.000863884 0.000469595 -2.78591e-05 -0.00261111 -0.00930911 0 0.000399236 -0.000377754 0.0016205 4.79211e-05 -0.00252444 -0.00537825 -0.00101264
internal_weight=23226 14779 11697 7352 232 3082 505 4345 237 7120 3546 560 139 421 2986 1737 1249 1669 269 151 198
internal_count=12230 10619 8593 6680 200 2026 361 1913 109 6480 2954 420 123 297 2534 1421 1113 1353 221 123 190
is_linear=0
shrinkage=0.0749695


Tree=35
num_leaves=22
num_cat=0
split_feature=21 31 55 30 53 39 9 59 9 21 37 10 1 9 9 59 63 9 9 42 34
split_gain=4.80399 1.0737 0.769693 0.952614 1.36805 0.750693 0.694275 1.66979 2.23436 0.825674 0.646957 1.25511 1.0112 0.483091 0.483057 0.421021 0.805198 0.9007 1.06129 0.410546 0.390368
threshold=32.925000000000004 -0.29044542309595295 1005.0500000000001 73.550000000000011 0.94450000000000001 27.001666666666654 -0.86958133671945925 1.4850000000000001 -0.96230016621822456 32.095000000000006 31.453258588724619 -0.94128245028753155 3.9650000000000003 -0.95747632178960107 -0.94130860066615785 2.8350000000000004 -1.8979834228715526 -0.14153898451656977 -0.58429276287313725 0.37089529182863995 2.2675909840415067
decision_type=2 2 2 2 2 2 2 2 2 2 2 2 2 2 2 2 2 2 2 2 2
left_child=1 2 3 4 -1 13 7 8 -3 20 11 12 -8 -4 -15 -16 -17 18 -18 -12 -9
right_child=-2 6 5 -5 -6 -7 10 9 -10 -11 19 -13 -14 14 15 16 17 -19 -20 -21 -22
leaf_value=-0.014854388440918347 0.11202136466682017 -0.00044668917463326299 0.0084404414350964328 -0.00043804967327681205 -0.031805117301324466 0.0069081122422036626 -0.016350575556087293 0.036725991132560802 -0.061564578471324558 -0.024845646281913467 -0.0028995393135285335 0.011976881625014179 -0.082703733274884769 -0.015581930709076075 0.000633713651223132 0.0041069469720704625 -0.0014447752370314359 0.00056687221880249202 -0.045280766182161633 0.049761526553282601 -0.017314449143022083
leaf_weight=166 8498 113 278 1064 102 3520 86 1195 84 166 269 1124 74 67 1595 211 112 142 120 4076 164
leaf_count=94 1974 61 278 952 74 3116 74 463 72 58 229 768 42 67 1595 211 112 142 120 1592 136
internal_value=0.00201362 0.00117569 0.000502509 -0.00106781 -0.00503463 0.000878431 0.00182644 0.000378866 -0.00590227 0.00131804 0.00223711 0.000571836 -0.00533434 -4.05921e-05 -0.000475376 -0.000192942 -0.00195855 -0.00415666 -0.00701568 0.00268736 0.00201245
internal_weight=23226 14728 7377 1332 268 6045 7351 1722 197 1525 5629 1284 160 2525 2247 2180 585 374 232 4345 1359
internal_count=12230 10256 6761 1120 168 5641 3495 790 133 657 2705 884 116 2525 2247 2180 585 374 232 1821 599
is_linear=0
shrinkage=0.0749695


Tree=36
num_leaves=22
num_cat=0
split_feature=21 31 9 26 55 62 62 59 43 62 56 10 10 9 9 31 63 63 11 45 45
split_gain=4.57771 1.0967 0.770251 1.94143 0.728644 0.795673 0.940159 0.611538 0.606552 0.542292 0.449369 0.512664 0.824994 0.379375 0.781085 0.496072 0.565365 0.900986 1.33836 1.14636 0.384106
threshold=33.305000000000007 -0.29044542309595295 -0.86958133671945925 64.250000000000014 1005.0500000000001 36.206385862657719 37.460417295262346 1.6850000000000003 28.098125000000003 29.78312095978119 1006.5500000000001 0.65837719692149965 0.72064045540576316 -0.95747632178960107 -0.94130860066615785 -0.63719851457574694 -0.23460426114968411 -1.8979834228715526 7.5000000000000009 2335.2510000000007 2395.8080000000004
decision_type=2 2 2 2 2 2 2 2 2 2 2 2 2 2 2 2 2 2 2 2 2
left_child=1 4 3 -3 5 -1 -7 8 -5 13 -4 -12 -13 -6 -15 16 17 -16 -19 -20 -21
right_child=-2 2 10 7 9 6 -8 -9 -10 -11 11 12 -14 14 15 -17 -18 18 19 20 -22
leaf_value=9.1069065378537861e-05 0.12680048580057962 -0.048550029123886715 0.0081205381294219472 -0.0037550139378701528 0.0076765304626741377 -0.027370232764815563 -0.014022258597119428 0.025601581072713857 -0.02897940464054833 0.0079038277769703964 0.052032703909424501 -0.039083275852735071 0.014615910015566932 -0.01334277420955432 0.0053939471079546145 -0.099391823135009813 0.0029152409233524994 -0.00027934115398639455 -0.038163514239679036 0.0019341986129255244 -0.0097328805837666767
leaf_weight=1042 7837 136 1629 149 281 121 206 1375 97 2882 3764 67 709 76 435 87 1727 342 88 72 104
leaf_count=974 1757 48 833 89 281 81 90 587 77 2462 1348 59 613 76 435 87 1727 342 88 72 104
internal_value=0.00201684 0.00124721 0.00187127 0.000360685 0.000559979 -0.000937952 -0.00414665 0.00118475 -0.00190028 0.000926087 0.00227216 0.0026834 0.000617514 0.000191637 -1.76135e-06 0.000140821 0.000379243 -0.00090232 -0.00286924 -0.00684892 -0.00201498
internal_weight=23226 15389 7926 1757 7463 1369 327 1621 246 6094 6169 4540 776 3212 2931 2855 2768 1041 606 264 176
internal_count=12230 10473 3654 801 6819 1145 171 753 166 5674 2853 2020 672 3212 2931 2855 2768 1041 606 264 176
is_linear=0
shrinkage=0.0749695


end of trees

feature_importances:
doy_sin=115
doy_cos=58
_hi_clim=46
heat_index_c_roll24h_mean=38
temp_c_roll24h_mean=34
temp_c_lag1h=32
temp_c_roll24h_std=32
pressure_hpa_lag6h=26
wind_ms=25
heat_index_c_roll24h_std=24
rh_lag24h=21
hi_residual_lag1h=21
wind_ms_lag3h=18
pressure_hpa_lag1h=17
solar_wm2=15
pressure_hpa=15
precip_mm_lag3h=15
heat_index_c_lag24h=14
cloud_cover_lag3h=14
precip_mm=13
temp_x_rh=13
temp_c_lag24h=12
hi_change_3h=12
pressure_hpa_lag3h=12
cloud_cover=10
cloud_cover_lag6h=10
wind_ms_lag1h=9
heat_index_c_lag1h=8
cloud_cover_lag1h=8
rh_lag1h=7
temp_c_roll6h_mean=6
month=5
rh_lag3h=5
rh_lag6h=5
temp_c_roll3h_mean=5
temp_x_solar=5
heat_index_c_lag12h=4
temp_c_lag12h=4
temp_c_roll3h_std=4
temp_c_roll6h_std=4
rh_lag12h=3
temp_change_3h=3
heat_index_c_roll6h_mean=3
heat_index_c_roll6h_std=3
solar_wm2_lag6h=3
solar_wm2_roll6h_mean=3
precip_mm_lag1h=3
local_hour_cos=2
heat_index_c_lag3h=2
heat_index_c_lag6h=2
temp_c_lag3h=2
heat_index_c_roll3h_std=2
solar_wm2_lag1h=2
hour_cos=1
local_hour_sin=1
heat_index_c_roll3h_mean=1

parameters:
[boosting: gbdt]
[objective: quantile]
[metric: quantile]
[tree_learner: serial]
[device_type: cpu]
[data_sample_strategy: bagging]
[data: ]
[valid: ]
[num_iterations: 2000]
[learning_rate: 0.0749695]
[num_leaves: 22]
[num_threads: -1]
[seed: 123]
[deterministic: 0]
[force_col_wise: 0]
[force_row_wise: 0]
[histogram_pool_size: -1]
[max_depth: -1]
[min_data_in_leaf: 53]
[min_sum_hessian_in_leaf: 0.001]
[bagging_fraction: 0.775599]
[pos_bagging_fraction: 1]
[neg_bagging_fraction: 1]
[bagging_freq: 0]
[bagging_seed: 19053]
[bagging_by_query: 0]
[feature_fraction: 0.790729]
[feature_fraction_bynode: 1]
[feature_fraction_seed: 13104]
[extra_trees: 0]
[extra_seed: 3265]
[early_stopping_round: 0]
[early_stopping_min_delta: 0]
[first_metric_only: 0]
[max_delta_step: 0]
[lambda_l1: 2.38106]
[lambda_l2: 3.29408]
[linear_lambda: 0]
[min_gain_to_split: 0]
[drop_rate: 0.1]
[max_drop: 50]
[skip_drop: 0.5]
[xgboost_dart_mode: 0]
[uniform_drop: 0]
[drop_seed: 23075]
[top_rate: 0.2]
[other_rate: 0.1]
[min_data_per_group: 100]
[max_cat_threshold: 32]
[cat_l2: 10]
[cat_smooth: 10]
[max_cat_to_onehot: 4]
[top_k: 20]
[monotone_constraints: ]
[monotone_constraints_method: basic]
[monotone_penalty: 0]
[feature_contri: ]
[forcedsplits_filename: ]
[refit_decay_rate: 0.9]
[cegb_tradeoff: 1]
[cegb_penalty_split: 0]
[cegb_penalty_feature_lazy: ]
[cegb_penalty_feature_coupled: ]
[path_smooth: 0]
[interaction_constraints: ]
[verbosity: -1]
[saved_feature_importance_type: 0]
[use_quantized_grad: 0]
[num_grad_quant_bins: 4]
[quant_train_renew_leaf: 0]
[stochastic_rounding: 1]
[linear_tree: 0]
[max_bin: 255]
[max_bin_by_feature: ]
[min_data_in_bin: 3]
[bin_construct_sample_cnt: 200000]
[data_random_seed: 440]
[is_enable_sparse: 1]
[enable_bundle: 1]
[use_missing: 1]
[zero_as_missing: 0]
[feature_pre_filter: 1]
[pre_partition: 0]
[two_round: 0]
[header: 0]
[label_column: ]
[weight_column: ]
[group_column: ]
[ignore_column: ]
[categorical_feature: ]
[forcedbins_filename: ]
[precise_float_parser: 0]
[parser_config_file: ]
[objective_seed: 32363]
[num_class: 1]
[is_unbalance: 0]
[scale_pos_weight: 1]
[sigmoid: 1]
[boost_from_average: 1]
[reg_sqrt: 0]
[alpha: 0.05]
[fair_c: 1]
[poisson_max_delta_step: 0.7]
[tweedie_variance_power: 1.5]
[lambdarank_truncation_level: 30]
[lambdarank_norm: 1]
[label_gain: ]
[lambdarank_position_bias_regularization: 0]
[eval_at: ]
[multi_error_top_k: 1]
[auc_mu_weights: ]
[num_machines: 1]
[local_listen_port: 12400]
[time_out: 120]
[machine_list_filename: ]
[machines: ]
[gpu_platform_id: -1]
[gpu_device_id: -1]
[gpu_use_dp: 0]
[num_gpu: 1]

end of parameters

pandas_categorical:[]
