tree
version=v4
num_class=1
num_tree_per_iteration=1
label_index=0
max_feature_idx=63
objective=quantile
feature_names=wind_ms precip_mm solar_wm2 cloud_cover pressure_hpa hour_sin hour_cos local_hour_sin local_hour_cos doy_sin doy_cos month station_enc lat lon elevation_m heat_index_c_lag1h heat_index_c_lag3h heat_index_c_lag6h heat_index_c_lag12h heat_index_c_lag24h temp_c_lag1h temp_c_lag3h temp_c_lag6h temp_c_lag12h temp_c_lag24h rh_lag1h rh_lag3h rh_lag6h rh_lag12h rh_lag24h hi_change_3h temp_change_3h heat_index_c_roll3h_mean heat_index_c_roll3h_std heat_index_c_roll6h_mean heat_index_c_roll6h_std heat_index_c_roll24h_mean heat_index_c_roll24h_std temp_c_roll3h_mean temp_c_roll3h_std temp_c_roll6h_mean temp_c_roll6h_std temp_c_roll24h_mean temp_c_roll24h_std temp_x_rh temp_x_evening solar_wm2_lag1h solar_wm2_lag3h solar_wm2_lag6h solar_wm2_roll6h_mean temp_x_solar cloud_cover_lag1h cloud_cover_lag3h cloud_cover_lag6h pressure_hpa_lag1h pressure_hpa_lag3h pressure_hpa_lag6h wind_ms_lag1h wind_ms_lag3h precip_mm_lag1h precip_mm_lag3h _hi_clim hi_residual_lag1h
feature_infos=[0.040000000000000001:8.2699999999999996] [0:93.230000000000004] [0:1009.9] [0:1] [998.5:1020] [-1:1] [-1:1] [-1:1] [-1:1] [-0.99999073973619013:0.99999073973619013] [-0.99996295911626554:1] [1:12] none none none none [15.373032368145491:48.787833850342253] [15.373032368145491:48.787833850342253] [15.373032368145491:48.787833850342253] [15.373032368145491:48.787833850342253] [15.373032368145491:48.787833850342253] [14.69:44.43] [14.69:44.43] [14.69:44.43] [14.69:44.43] [14.69:44.43] [18.100000000000001:99.400000000000006] [18.100000000000001:99.400000000000006] [18.100000000000001:99.400000000000006] [18.100000000000001:99.400000000000006] [18.100000000000001:99.400000000000006] [-8.0370101143076411:13.070703512111439] [-7.9799999999999969:11.140000000000001] [15.586188561469704:48.53718282045913] [0.0033712495195723389:5.2901268955634784] [16.194742695145706:47.604603713916447] [0.038638969367460085:6.5280077783360904] [21.733239693497037:41.479553319998367] [1.3177629034383662:7.2645889702179938] [14.849999999999989:44.240000000000002] [5.5325671015196157e-07:4.3334089736986057] [15.305:43.583333333333336] [0.03847076810491934:6.1517888997157728] [20.260000000000002:36.188750000000006] [1.1647454159851172:5.976123264739587] [756.43200000000002:2708.0299999999997] [0:43.689999999999998] [0:1009.9] [0:1009.9] [0:1009.9] [0:893.80000000000018] [0:44364.906999999999] [0:1] [0:1] [0:1] [998.5:1020] [998.5:1020] [998.5:1020] [0.040000000000000001:8.2699999999999996] [0.040000000000000001:8.2699999999999996] [0:93.230000000000004] [0:93.230000000000004] [20.481786293809304:42.950998391400141] [-8.8345365723662077:7.932805784720717]
tree_sizes=1934 2068 2058 2054 2058 2069 2053 2087 2080 2049 2066 2080 2066 2084 2057 2093 2089 2087 2115 2108 2105 2109 2084 2121 2102 2105 2115 2102 2106 2130 2106 2120 2106 2109 2054 2114

Tree=0
num_leaves=22
num_cat=0
split_feature=62 21 21 21 62 62 62 9 37 63 62 59 35 21 57 38 30 0 57 38 38
split_gain=411.38 88.0937 18.7604 18.0416 10.7405 9.91302 4.27173 4.18741 3.37612 2.29737 2.34845 2.26693 2.196 1.67352 1.24296 1.11922 1.06152 1.04562 0.850088 1.94813 1.10852
threshold=26.767796033914802 23.765000000000004 24.235000000000003 25.645000000000003 28.581381325265415 23.589140905337175 25.064604648146062 -0.96230016621822456 34.320926388061004 -0.51545986924358178 27.486907172767626 1.7850000000000004 32.529941242005926 23.205000000000002 1010.2500000000001 5.8075652399900362 91.850000000000009 2.4350000000000005 1008.6500000000002 5.2338056954211583 4.5899425051611908
decision_type=2 2 2 2 2 2 2 2 2 2 2 2 2 2 2 2 2 2 2 2 2
left_child=1 6 13 5 9 -3 -1 -7 12 10 -4 -9 18 -2 -11 -13 -12 -16 -5 20 -20
right_child=2 3 4 8 -6 7 -8 11 -10 14 16 15 -14 -15 17 -17 -18 -19 19 -21 -22
leaf_value=24.382498072495299 24.623375103417384 24.399703729984584 24.860653554205509 24.880520528839664 25.071692584528758 24.892965397965007 24.521079289650018 24.789807380875413 24.937572139826472 24.930675046333061 24.850157693235019 24.770877508497424 24.840336754196148 24.693846459695802 24.90338608012641 24.582741616653532 24.929625449270237 24.635370331673091 24.869424862712279 24.637919173773327 24.55354100232698
leaf_weight=379 59 181 135 130 20039 119 83 95 78 638 90 425 104 60 83 54 170 61 126 56 61
leaf_count=379 59 181 135 130 9043 119 83 95 78 638 90 425 104 60 83 54 170 61 126 56 61
internal_value=24.93 24.8965 24.933 24.906 24.9331 24.8992 24.8679 24.9041 24.9173 24.9263 24.9216 24.9012 24.9149 24.9038 24.9289 24.8987 24.9267 24.9227 24.9121 24.9086 24.9145
internal_weight=23226 1891 21335 1429 21216 874 462 693 555 1177 395 574 477 119 782 479 260 144 373 243 187
internal_count=12230 1891 10339 1429 10220 874 462 693 555 1177 395 574 477 119 782 479 260 144 373 243 187
is_linear=0
shrinkage=1


Tree=1
num_leaves=22
num_cat=0
split_feature=62 39 62 43 16 9 37 4 62 20 31 38 28 62 53 4 30 38 9 59 53
split_gain=312.985 68.7359 23.5641 16.3453 9.44754 11.4289 3.60501 3.27459 2.94236 2.03834 2.03235 4.34438 2.00063 1.98143 1.70809 1.66751 1.96942 1.24697 1.46461 1.22854 0.993289
threshold=26.293526880945617 23.86666666666666 28.581381325265415 25.798333333333336 26.08613237958205 -0.82391537601316178 34.320926388061004 1013.6500000000002 27.410215786231099 28.009051245199782 -2.8301116736889553 5.1920330861017332 92.450000000000017 22.353508343926404 0.85050000000000014 1013.6500000000002 63.650000000000013 4.6349824422965069 -0.833548052892222 2.0150000000000001 0.99650000000000005
decision_type=2 2 2 2 2 2 2 2 2 2 2 2 2 2 2 2 2 2 2 2 2
left_child=1 -1 3 -2 5 12 10 8 9 19 14 17 -3 -7 -6 -4 -17 18 -12 -5 -21
right_child=2 4 15 7 6 13 -8 -9 -10 -11 11 -13 -14 -15 -16 16 -18 -19 -20 20 -22
leaf_value=-0.50319510301551473 -0.2836376685442738 -0.027354653677508847 0.1325691062588237 -0.019017939140925644 -0.2405747960084505 -0.51707980010313181 0.020985991628053403 -0.29041422904637682 -0.0015632377562833815 -0.026514693249108955 -0.05867688528782386 -0.22249123661080983 -0.063677385339747747 -0.28325631689799508 0.0041258265752914698 0.025999976562438989 -0.22788422294409844 -0.077563795696580576 -0.056519413680573755 -0.029099718827914831 -0.058527732911534888
leaf_weight=391 88 74 19811 84 82 85 65 54 812 218 69 85 103 313 68 219 53 112 166 185 89
leaf_count=391 88 74 8847 84 82 85 65 54 812 218 69 85 103 313 68 187 53 112 166 185 89
internal_value=0.000412842 -0.0314002 0.00279976 -0.00611761 -0.0223031 -0.0296703 -0.015364 -0.00402102 -0.00313711 -0.00722382 -0.0172303 -0.0201538 -0.0119626 -0.0369377 -0.00739402 0.0034889 -0.00191143 -0.0152529 -0.0188353 -0.0107318 -0.0132258
internal_weight=23226 1613 21613 1530 1222 575 647 1442 1388 576 582 432 177 398 150 20083 272 347 235 358 274
internal_count=12230 1613 10617 1530 1222 575 647 1442 1388 576 582 432 177 398 150 9087 240 347 235 358 274
is_linear=0
shrinkage=0.0749695


Tree=2
num_leaves=22
num_cat=0
split_feature=21 62 21 10 57 62 31 54 23 20 9 31 43 9 30 9 36 44 1 63 44
split_gain=232.804 74.7245 13.6559 8.6853 10.337 6.91262 6.75681 5.97949 5.26333 3.56351 2.92093 2.25373 1.82221 1.61614 1.97597 2.02409 1.45017 1.3583 1.06647 0.919852 0.888536
threshold=23.945000000000004 26.939051099719915 22.165000000000003 0.68389408864483059 1009.35 29.539122231053671 -0.67369422088576403 0.9145000000000002 27.525000000000002 24.093308557540716 0.42888796625999276 -5.6759723014082129 27.727500000000003 -0.15005400879207767 95.950000000000017 -0.97505550290239429 1.4747832591137731 3.6174109822007421 0.69500000000000006 -1.1070359141447186 4.6239449245321866
decision_type=2 2 2 2 2 2 2 2 2 2 2 2 2 2 2 2 2 2 2 2 2
left_child=2 3 -1 8 17 11 20 10 9 -2 12 -3 -6 14 16 -16 18 -5 -11 -13 -4
right_child=1 5 6 4 7 -7 -8 -9 -10 13 -12 19 -14 -15 15 -17 -18 -19 -20 -21 -22
leaf_value=-0.46940673646728731 0.0044078074028242528 -0.22280606181503337 -0.31373496790692018 0.0023100270760081898 -0.47767522335062901 0.14737039280517697 -0.1681362866766859 -0.2627350485933323 -0.0038403836731432358 -0.023661100272058967 -0.17186145051634044 -0.0285080386123568 -0.23591525142268877 -0.012512159787179901 -0.03376264875750757 -0.066887777979572877 -0.026260109246549902 -0.10043580268040697 -0.050268529397780967 0.0019073860281984851 -0.20750746444339083
leaf_weight=296 69 58 189 78 94 19435 54 84 233 59 87 388 108 53 64 135 129 79 194 1287 53
leaf_count=296 69 58 189 78 94 8439 54 84 233 59 87 388 108 53 64 135 129 79 194 1287 53
internal_value=0.000800126 0.00202455 -0.0454656 -0.014303 -0.0222281 0.0031658 -0.0320171 -0.0290816 -0.00956331 -0.0127872 -0.0344125 -0.001294 -0.0403594 -0.0145775 -0.0157266 -0.0228543 -0.0113865 -0.00456893 -0.0149091 -0.000664196 -0.0374456
internal_weight=23226 22634 592 1466 530 21168 296 373 936 703 289 1733 202 634 581 199 382 157 253 1675 242
internal_count=12230 11638 592 1466 530 10172 296 373 936 703 289 1733 202 634 581 199 382 157 253 1675 242
is_linear=0
shrinkage=0.0749695


Tree=3
num_leaves=22
num_cat=0
split_feature=62 41 62 55 10 44 35 57 62 11 57 62 55 0 10 10 10 16 37 9 10
split_gain=197.388 42.8648 24.152 10.9933 8.76409 10.5133 6.00233 3.46847 2.6994 2.8297 2.80618 2.26563 1.65349 2.11662 2.37826 7.17128 6.64716 1.12853 1.01447 1.00439 1.0037
threshold=25.859411519185205 24.121666666666673 28.386157288626972 1013.35 0.95989713290459411 4.2481866646965312 30.101338158391382 1012.1500000000002 31.023288707547525 10.500000000000002 1011.35 26.939051099719915 1005.7500000000001 1.4850000000000001 0.83824865459667641 0.68389408864483059 0.91586428826728705 30.168975160537464 28.432731410082472 -0.96230016621822456 -0.317191288589106
decision_type=2 2 2 2 2 2 2 2 2 2 2 2 2 2 2 2 2 2 2 2 2
left_child=1 7 3 11 6 -6 12 -1 9 -4 -11 17 -3 -14 15 -15 -16 19 -13 -2 -21
right_child=2 4 8 -5 5 -7 -8 -9 -10 10 -12 18 13 14 16 -17 -18 -19 -20 20 -22
leaf_value=-0.28150270311642761 -0.0092163042102364114 -0.042977011714064546 0.015621195175847735 -0.24430563022869484 -0.49938061770084463 -0.11411269777427539 -0.02192239011318993 -0.47361206367595304 0.17680555757622346 -0.017515188647712038 -0.21827885592566629 -0.26385975118990102 -0.079510565203799316 -0.054480035387046426 -0.027325534523289282 -0.42765957518300762 -0.21112358360928821 0.020323101265715977 -0.0089657549301507093 -0.018973854447015812 -0.089471114897985871
leaf_weight=127 103 66 1582 95 100 87 159 205 18498 116 70 56 153 105 88 57 56 63 874 422 144
leaf_count=127 103 66 1582 95 100 87 159 205 7506 112 70 56 153 105 88 57 56 63 874 422 144
internal_value=0.00102281 -0.0284932 0.00264724 -0.0057397 -0.0192993 -0.034381 -0.0147714 -0.0516543 0.00338399 0.000466374 -0.00804727 -0.00416509 -0.0186424 -0.0203795 -0.0245586 -0.031984 -0.0144646 -0.00734294 -0.00145546 -0.0082708 -0.00952357
internal_weight=23226 1203 22023 1757 871 187 684 332 20266 1768 186 1662 525 459 306 162 144 732 930 669 566
internal_count=12230 1203 11027 1757 871 187 684 332 9270 1764 182 1662 525 459 306 162 144 732 930 669 566
is_linear=0
shrinkage=0.0749695


Tree=4
num_leaves=22
num_cat=0
split_feature=21 62 21 2 10 10 3 62 62 44 32 43 11 61 63 43 4 38 56 45 20
split_gain=173.626 50.6708 10.5069 8.94097 7.23832 11.8513 6.32522 7.47233 5.85041 3.8567 2.7092 2.5923 2.45011 1.87397 1.65708 1.45886 1.3009 1.27892 1.78145 1.20539 1.46492
threshold=23.765000000000004 26.939051099719915 20.73 85.100000000000009 0.68389408864483059 0.82392300575755406 0.6795000000000001 24.162769078920451 31.023288707547525 2.7710746489579763 -0.97999999999999854 27.361041666666669 10.500000000000002 15.385000000000003 1.3536613612090387 28.085000000000004 1005.2500000000001 4.7607511979890091 1010.4500000000002 2357.7530000000002 27.682640765846251
decision_type=2 2 2 2 2 2 2 2 2 2 2 2 2 2 2 2 2 2 2 2 2
left_child=2 4 -1 -4 9 -6 7 15 11 10 -2 12 -3 16 -14 -7 -12 -9 -19 -18 -21
right_child=1 8 3 -5 5 6 -8 17 -10 -11 13 -13 14 -15 -16 -17 19 18 -20 20 -22
leaf_value=-0.43773075571958936 -0.0021146857303933598 -0.019877513653486816 -0.27878202704762578 -0.22337929145904467 -0.36757832752154324 -0.43626141542178093 -0.020326381978877914 -0.0073405346180149701 0.16355053612359283 0.00035756614795911677 -0.025719596385576381 0.005090929153631513 -0.20500118264479783 -0.030447048503422183 -0.18275041140126652 -0.19428813305530318 -0.04424699159859298 -0.012429590452304665 -0.39880576898912751 -0.048430592516838226 -0.030583440966233406
leaf_weight=147 156 209 287 109 79 58 164 59 18491 278 108 2317 105 101 53 70 58 61 72 179 65
leaf_count=147 156 209 287 109 79 58 164 59 7499 278 108 2313 105 101 53 70 58 61 72 179 65
internal_value=0.00120032 0.00221333 -0.040548 -0.0326354 -0.0110234 -0.0179342 -0.0128339 -0.0189268 0.003166 -0.00666997 -0.00976065 -3.95852e-05 -0.00592577 -0.0124006 -0.0128838 -0.0332433 -0.0147146 -0.00806875 -0.0120842 -0.0175625 -0.0201355
internal_weight=23226 22683 543 396 1508 563 484 320 21175 945 667 2684 367 511 158 128 410 192 133 302 244
internal_count=12230 11687 543 396 1508 563 484 320 10179 945 667 2680 367 511 158 128 410 192 133 302 244
is_linear=0
shrinkage=0.0749695


Tree=5
num_leaves=22
num_cat=0
split_feature=21 62 21 2 62 35 62 9 57 3 37 58 43 55 63 37 9 9 11 52 37
split_gain=137.556 38.5615 12.1721 7.14999 4.81535 3.88069 3.84322 3.04452 5.87967 2.55947 2.34505 2.06803 1.86594 1.47807 1.2581 1.13085 1.09345 1.02469 1.52687 0.985178 0.929456
threshold=23.765000000000004 27.486907172767626 20.73 72.700000000000003 25.859411519185205 30.950885345608317 31.023288707547525 0.39753913293121995 1011.6500000000002 0.26350000000000007 31.235445097923542 3.1350000000000002 27.361041666666669 1008.4500000000002 2.999449932512301 32.946733120134937 -0.12447811117596669 -0.96230016621822456 8.5000000000000018 0.99650000000000005 32.082664124265506
decision_type=2 2 2 2 2 2 2 2 2 2 2 2 2 2 2 2 2 2 2 2 2
left_child=2 4 -1 11 5 7 12 8 9 -2 -11 -4 13 -3 17 -12 -5 -6 19 -19 -21
right_child=1 6 3 16 14 -7 -8 -9 -10 10 15 -13 -14 -15 -16 -17 -18 18 -20 20 -22
leaf_value=-0.40491430675113432 -0.25783970176653276 0.021167649993081596 -0.19842529832047862 -0.29577400422529521 0.00027476012292444214 -0.0079271810485715705 0.15128923679213438 -0.13176038067105225 -0.36986382430009673 -0.045241261737660028 -0.062176431346798497 -0.49910653102733199 0.0089122416010499125 -0.1463178000800173 0.029165997217604898 -0.042313061857405937 -0.066816541079721153 -0.015686245972962094 -0.091838919876001998 -0.017775244535854169 -0.039305321130890532
leaf_weight=147 98 99 207 56 117 137 18491 101 86 179 96 76 2043 215 121 79 57 402 179 106 134
leaf_count=147 98 99 207 56 117 137 7499 101 86 179 96 76 2039 215 121 79 57 402 179 106 134
internal_value=0.0014101 0.00231247 -0.0357449 -0.027566 -0.00806951 -0.0126812 0.00323596 -0.0151351 -0.0174121 -0.0131761 -0.00921532 -0.0341648 0.00030076 -0.00494268 -0.00449332 -0.0155027 -0.00900514 -0.00547313 -0.00641824 -0.00424273 -0.00820245
internal_weight=23226 22683 543 396 1835 776 20848 639 538 452 354 283 2357 314 1059 175 113 938 821 642 240
internal_count=12230 11687 543 396 1835 776 9852 639 538 452 354 283 2353 314 1059 175 113 938 821 642 240
is_linear=0
shrinkage=0.0749695


Tree=6
num_leaves=22
num_cat=0
split_feature=21 62 21 2 0 20 20 21 61 37 31 25 57 21 38 4 9 30 9 44 43
split_gain=112.784 26.8333 13.0898 6.77258 5.08001 4.8287 3.90959 2.51988 1.73492 1.33902 1.3794 1.65193 1.28855 1.41714 1.19993 1.16852 1.82924 1.15555 1.15065 1.23533 2.13737
threshold=23.945000000000004 27.497196007322163 20.73 18.850000000000005 3.2150000000000003 22.661079485005562 31.64434511418396 25.765000000000004 17.870000000000001 32.876085944651486 -0.54068745760206827 25.105000000000004 1013.0500000000001 23.205000000000002 4.1452949916591146 1013.5500000000001 -0.09025077427732299 74.350000000000009 -0.92263100495486394 2.8257140615621483 28.552708333333335
decision_type=2 2 2 2 2 2 2 2 2 2 2 2 2 2 2 2 2 2 2 2 2
left_child=2 5 -1 4 12 -2 15 8 9 10 11 14 13 -4 -7 -3 -17 -5 -16 -20 -21
right_child=1 6 3 17 -6 7 -8 -9 -10 -11 -12 -13 -14 -15 18 16 -18 -19 19 20 -22
leaf_value=-0.37455809003464624 -0.34213532422192405 0.0060807907465342086 -0.21300483792686464 -0.099416234581101062 -0.431906566279598 0.0085924043249917311 0.15344169077927283 -0.020398461442702 -0.00017010259868326376 -0.021231917221955023 -0.0044662242250557331 -0.084251375892739094 -0.10347469577563233 -0.18265528855002153 -0.064471554144576795 -0.18497528046134015 0.0046401577533849575 -0.22362485085338535 -0.26734074193583357 -0.028553850827705961 -0.13103288930451956
leaf_weight=147 66 2365 119 66 66 56 18286 753 94 145 58 295 54 75 66 56 84 65 97 160 53
leaf_count=147 66 2353 119 66 66 56 7302 753 94 145 58 295 54 75 66 56 84 65 97 160 53
internal_value=0.00158438 0.00243852 -0.030605 -0.0231398 -0.0292793 -0.00619106 0.00321292 -0.00529622 -0.0077662 -0.00876529 -0.0100209 -0.0109092 -0.0224403 -0.0258084 -0.00706458 0.000354747 -0.00607887 -0.00673747 -0.00866105 -0.0105574 -0.00588159
internal_weight=23226 22634 592 445 314 1843 20791 1777 1024 930 785 727 248 194 432 2505 140 131 376 310 213
internal_count=12230 11638 592 445 314 1843 9795 1777 1024 930 785 727 248 194 432 2493 140 131 376 310 213
is_linear=0
shrinkage=0.0749695


Tree=7
num_leaves=22
num_cat=0
split_feature=21 16 21 10 9 30 58 20 10 57 32 62 0 44 42 61 61 53 44 43 43
split_gain=92.4986 22.402 11.5264 8.12939 6.29985 6.17346 5.9159 3.57344 2.17974 3.38681 2.23187 1.96646 1.38497 1.62868 1.68475 1.23469 1.82032 0.897545 0.872674 0.76535 0.757778
threshold=23.495000000000001 29.502950460759546 19.915000000000003 0.65837719692149965 -0.67760851415498069 71.050000000000011 3.1350000000000002 23.462178413521006 0.91925191855388755 1010.4500000000002 -0.63500000000000145 30.507256872893155 2.2550000000000003 2.5901602229444527 0.61833782460798725 17.870000000000001 7.9650000000000007 0.63450000000000017 2.4368710633874686 27.045833333333338 27.43041666666667
decision_type=2 2 2 2 2 2 2 2 2 2 2 2 2 2 2 2 2 2 2 2 2
left_child=2 3 -1 12 -5 -4 -7 17 -9 -10 -11 19 13 14 15 16 18 -6 20 -3 -2
right_child=1 11 5 4 7 6 -8 8 9 10 -12 -13 -14 -15 -16 -17 -18 -19 -20 -21 -22
leaf_value=-0.42103470300757467 -0.042174349432933377 -0.19460773040941481 -0.069239642827494147 -0.31286506380259571 -0.29707220786041955 -0.17752549978922283 -0.44636243097830758 -0.018279167568357339 -0.038095404824258002 -0.16521554647857661 -0.074438662113285037 0.13219227634176126 0.003994528565643334 7.8861829303075487e-05 0.00072551389460989799 0.0096386378329294583 -0.043253645859946128 -0.15655434394460305 -0.028791602185649592 0.0067784256225923633 0.0012927591371848955
leaf_weight=98 53 53 77 58 82 239 78 329 187 65 65 18496 1116 451 173 57 102 56 67 1177 147
leaf_count=98 53 53 77 58 82 239 78 329 187 65 65 7504 1112 451 173 57 102 56 67 1177 147
internal_value=0.00174897 0.00245417 -0.0302756 -0.0035407 -0.00980197 -0.0233835 -0.0280337 -0.00765783 -0.00488627 -0.0093085 -0.0186273 0.00337781 -0.00101324 -0.00299787 -0.00556009 -0.00808888 -0.00969986 -0.0189522 -0.00534448 0.00031117 -0.00170334
internal_weight=23226 22734 492 3008 842 394 317 784 646 317 130 19726 2166 1050 599 426 369 138 267 1230 200
internal_count=12230 11738 492 3004 842 394 317 784 646 317 130 8734 2162 1050 599 426 369 138 267 1230 200
is_linear=0
shrinkage=0.0749695


Tree=8
num_leaves=22
num_cat=0
split_feature=21 62 21 57 37 2 53 30 62 43 9 0 52 9 55 0 26 29 30 43 42
split_gain=72.8918 20.6947 9.65148 6.23633 5.34951 4.62721 4.05614 5.74264 3.10315 2.97648 2.86873 3.72935 1.65429 1.46106 1.41513 1.29119 1.61855 1.23861 0.868551 1.20082 0.535016
threshold=23.205000000000002 28.386157288626972 19.915000000000003 1010.0500000000001 31.643334043732818 72.700000000000003 0.59150000000000003 79.550000000000011 33.451666158423272 28.013541666666672 -0.52707282776374165 2.3750000000000004 0.99850000000000005 -0.10738035228456493 1013.7500000000001 2.3850000000000002 94.450000000000017 75.850000000000009 92.250000000000014 28.156250000000004 0.40367478448431443
decision_type=2 2 2 2 2 2 2 2 2 2 2 2 2 2 2 2 2 2 2 2 2
left_child=2 3 -1 12 6 13 7 -5 14 -9 11 -8 20 -4 -3 16 -14 -16 -6 -20 -2
right_child=1 8 5 4 18 -7 10 9 -10 -11 -12 -13 15 -15 17 -17 -18 -19 19 -21 -22
leaf_value=-0.38946994849887434 -0.012429783929363107 0.017543293200517427 -0.30034756813788899 -0.126725560704148 0.022125978578413908 -0.14233274381357022 -0.012818062475305769 -0.35788498868025964 0.21674345680406856 -0.15446131482686418 -0.019341379537707714 -0.29419288462281956 -0.012082323082636424 -0.13264683538606409 -0.009498740299349032 -0.0091885259555753423 -0.037253747118126408 -0.12039202404198857 0.010513876866454741 -0.076473104297743219 0.0015202410483122213
leaf_weight=98 280 3634 123 87 159 88 55 83 16486 69 150 53 63 134 68 134 105 53 57 94 1153
leaf_count=98 280 3518 123 87 159 88 55 83 5610 69 150 53 63 134 64 134 105 53 57 94 1153
internal_value=0.00184257 0.00243721 -0.0281318 -0.00390323 -0.00936954 -0.0209584 -0.0142012 -0.0215566 0.00324281 -0.0304229 -0.00651843 -0.0156407 -0.00124507 -0.0261431 0.00122417 -0.00626655 -0.0105998 -0.00637479 -0.000985639 -0.00537825 -5.05753e-05
internal_weight=23226 22783 443 2542 807 345 497 239 20241 152 258 108 1735 257 3755 302 168 121 310 151 1433
internal_count=12230 11787 443 2542 807 345 497 239 9245 152 258 108 1735 257 3635 302 168 117 310 151 1433
is_linear=0
shrinkage=0.0749695


Tree=9
num_leaves=22
num_cat=0
split_feature=21 62 21 57 56 56 0 32 0 62 9 9 9 9 9 20 58 10 44 55 40
split_gain=54.7234 14.9944 11.2428 5.03661 3.67933 3.05725 4.24893 2.27849 2.02917 1.92047 1.83392 1.57252 2.7319 6.67435 1.79682 1.27069 1.1776 0.915105 2.79514 0.911575 0.561367
threshold=24.235000000000003 29.328341428896369 20.73 1009.9500000000002 1014.9500000000002 1012.0500000000001 2.4750000000000005 0.309999999999997 1.9750000000000003 33.451666158423272 0.25118773779856129 -0.84293373149377071 -0.96230016621822456 -0.94130860066615785 -0.8779519545588893 25.180447641219718 3.1350000000000002 0.95989713290459411 3.8539496290706832 1013.7500000000001 0.12812673175095632
decision_type=2 2 2 2 2 2 2 2 2 2 2 2 2 2 2 2 2 2 2 2 2
left_child=2 5 4 -4 -1 11 15 8 -5 19 16 12 20 -14 -15 -7 -10 -13 -19 -3 -2
right_child=1 9 3 7 -6 6 -8 -9 10 -11 -12 17 13 14 -16 -17 -18 18 -20 -21 -22
leaf_value=-0.45999258328789228 -0.022392862239547673 0.021809158318199181 0.012813441684804335 -0.12424799922475259 -0.27282611564243769 -0.10815118322312343 -0.24390248036660872 -0.040849109872758416 -0.16699617823803822 0.20049431164687137 -0.091973039554447661 0.00022576925777607158 -0.033609201046907587 0.0021354455908236562 -0.04046189929464241 0.0098884849776270482 -0.37549136711116232 -0.30746103127738589 0.0099050172597174926 -0.059811444252765904 0.0069507605662421732
leaf_weight=65 58 2955 94 55 82 54 73 60 190 16485 92 1863 90 199 83 102 62 73 145 97 249
leaf_count=65 58 2839 94 55 82 54 73 60 190 5609 92 1863 90 199 83 102 62 73 145 93 249
internal_value=0.00194907 0.00259862 -0.018614 -0.0130681 -0.0375455 -0.00230922 -0.0107048 -0.0163253 -0.0183874 0.00335888 -0.0205978 -0.0015361 -0.0046884 -0.00899307 -0.00250138 -0.00226797 -0.0243793 -0.00041612 -0.00498645 0.0015267 0
internal_weight=23226 22526 700 553 147 2989 229 459 399 19537 344 2760 679 372 282 156 252 2081 218 3052 307
internal_count=12230 11530 700 553 147 2989 229 459 399 8541 344 2760 679 372 282 156 252 2081 218 2932 307
is_linear=0
shrinkage=0.0749695


Tree=10
num_leaves=22
num_cat=0
split_feature=21 16 21 57 9 57 38 20 20 57 37 45 52 0 1 61 28 0 11 43 38
split_gain=42.8357 14.4077 10.1419 4.50385 3.15153 7.65018 3.28153 2.74753 1.54858 1.31247 1.48588 1.65669 2.4382 1.08619 1.4305 1.79127 2.9761 1.0672 1.02138 0.935726 0.865939
threshold=24.235000000000003 30.44267410736111 19.915000000000003 1010.5500000000001 -0.12447811117596669 1012.0500000000001 5.4564274039212997 23.229559700071672 32.828168568734576 1009.0500000000001 31.60901062409658 1998.95 0.76750000000000018 2.2550000000000003 4.8450000000000006 17.870000000000001 87.850000000000009 1.8550000000000002 11.500000000000002 27.875000000000004 4.4472632233384601
decision_type=2 2 2 2 2 2 2 2 2 2 2 2 2 2 2 2 2 2 2 2 2
left_child=2 7 -1 -4 5 -5 19 -2 -3 13 11 -11 18 14 -9 16 -16 -18 -13 -6 -12
right_child=1 8 3 4 6 -7 -8 9 -10 10 20 12 -14 -15 15 -17 17 -19 -20 -21 -22
leaf_value=-0.32438300432677469 -0.19658121898975642 0.014326964657756097 -0.017797767456259914 -0.1776350066201717 0.00065410273430614588 -0.34141406220543197 -0.15552668594555571 -0.0011910372100964539 0.16147314446005576 -0.031555353947029442 -0.01645650427905011 -0.14814966521535669 -0.02458973219483062 0.0043529366464501382 0.0024678439391999608 0.0023064555457082527 -0.020342331293818291 -0.050767553222662021 -0.30655484166984037 -0.089096460265735575 0.014204843861084967
leaf_weight=98 82 1917 138 106 135 101 62 583 17233 276 207 77 228 1254 87 91 77 68 66 60 280
leaf_count=98 82 1873 138 106 135 101 62 583 6285 272 207 77 228 1254 87 91 77 68 66 60 280
internal_value=0.0020233 0.00259862 -0.0161622 -0.0119545 -0.0154688 -0.0229118 -0.008574 -0.0018817 0.00339798 -0.00147604 -0.00355429 -0.00591057 -0.00922741 -0.000298691 -0.00233484 -0.00631128 -0.00988327 -0.016364 -0.0171514 -0.00259696 -4.11232e-05
internal_weight=23226 22526 700 602 464 207 257 3376 19150 3294 1134 647 371 2160 906 323 232 145 143 195 487
internal_count=12230 11530 700 602 464 207 257 3372 8158 3290 1130 643 371 2160 906 323 232 145 143 195 487
is_linear=0
shrinkage=0.0749695


Tree=11
num_leaves=22
num_cat=0
split_feature=62 59 62 35 57 9 4 30 4 30 1 0 50 3 25 43 44 44 11 53 11
split_gain=36.7337 18.4012 9.29687 3.98997 3.08032 4.40373 4.04799 4.97969 2.22627 4.82787 1.14369 1.42943 1.39093 1.40081 0.955913 1.67125 0.851414 1.24142 0.686174 0.659069 0.791331
threshold=25.75033621382082 3.3850000000000002 32.34599189192199 23.591145025383039 1010.9500000000002 0.38168568572378603 1010.9500000000002 84.65000000000002 1013.85 77.050000000000011 0.47500000000000003 2.2950000000000004 1.1500000000001707 0.99950000000000017 25.845000000000002 28.486041666666669 2.5742991639399997 2.4752522001399995 10.500000000000002 0.17450000000000002 10.500000000000002
decision_type=2 2 2 2 2 2 2 2 2 2 2 2 2 2 2 2 2 2 2 2 2
left_child=1 4 8 -3 14 6 18 -8 10 -10 19 12 13 16 15 -1 17 -12 -6 20 -2
right_child=2 3 -4 -5 5 -7 7 -9 9 -11 11 -13 -14 -15 -16 -17 -18 -19 -20 -21 -22
leaf_value=-0.018277658910258343 0.0058793148116823533 -0.40764190569078834 0.13362392007476501 -0.38388288198096143 -0.08379925867294416 -0.00056329949429857957 -0.1572188969205375 -0.22309733329247436 -0.021881708617371664 -0.12442171843576316 -0.0084456106941334565 0.0040952820134976227 0.0011057345061595439 -0.037726375325552237 0.016137553405428048 -0.069100855773257849 -6.1237834816592601e-05 -0.03222052982691212 -0.062624120618376883 0.01563144824870397 -0.2582651496129183
leaf_weight=287 353 60 17535 65 56 122 75 144 149 53 294 1305 464 107 117 97 308 56 98 1427 54
leaf_count=287 349 60 6571 65 56 122 75 144 149 53 294 1305 464 107 117 97 308 56 98 1399 54
internal_value=0.00208139 -0.011107 0.00275984 -0.0381988 -0.00741364 -0.0117156 -0.0157331 -0.0224843 -0.000215057 -0.00785831 0.000103227 -0.000884016 -0.00274796 -0.0047198 -0.0027605 -0.00472684 -0.00302907 -0.00554247 -0.00472757 0.00156358 -0.000780027
internal_weight=23226 1121 22105 125 996 495 373 219 4570 202 4368 2534 1229 765 501 384 658 350 154 1834 407
internal_count=12230 1121 11109 125 996 495 373 219 4538 202 4336 2534 1229 765 501 384 658 350 154 1802 403
is_linear=0
shrinkage=0.0749695


Tree=12
num_leaves=22
num_cat=0
split_feature=62 55 9 25 62 20 4 30 50 1 37 61 63 40 43 43 20 63 55 37 63
split_gain=30.6369 13.9398 19.0401 8.57652 3.64188 2.8558 2.10095 4.40417 1.24483 1.89677 2.09185 1.4816 1.25986 1.5992 1.21215 1.1653 2.65451 0.964632 0.817488 0.722388 0.582001
threshold=25.927012369010249 1012.35 -0.10738035228456493 28.805000000000003 23.589140905337175 22.373786933702565 1013.6500000000002 74.15000000000002 1.8333333333335136 5.955000000000001 32.517712142606882 17.870000000000001 1.5883317098973466 0.23003622617906616 28.250000000000004 28.486041666666669 25.908769040872198 -2.2090568147687093 1010.5500000000001 35.441395066240425 1.3536613612090387
decision_type=2 2 2 2 2 2 2 2 2 2 2 2 2 2 2 2 2 2 2 2 2
left_child=1 5 4 6 -3 17 8 -8 9 19 -11 12 13 -12 -4 20 -17 -1 -19 -2 -7
right_child=3 2 14 -5 -6 15 7 -9 -10 10 11 -13 -14 -15 -16 16 -18 18 -20 -21 -22
leaf_value=-0.089510838512506477 -0.0029068342681436436 -0.33109396214302383 -0.013286288498809905 0.18811102101700236 -0.29095869251988749 -0.022312167490914386 0.010685608346727634 -0.11495683133670336 0.015334184922769525 0.0012020613993784671 -0.019659024961820763 -0.026428871808682638 -0.0028661331658580793 -0.094602802547190223 -0.065874930670217866 -0.078496346416995461 -0.0026575654278870172 -0.12534756595627947 -0.28336800587987193 0.028217932563896101 0.014396618398692341
leaf_weight=55 1247 66 126 16649 76 290 146 73 2823 224 74 124 72 106 54 95 154 57 55 423 237
leaf_count=55 1247 66 126 5765 76 290 146 73 2719 224 74 124 72 106 54 95 154 57 55 415 237
internal_value=0.00211366 -0.00918393 -0.0227053 0.00277384 -0.0430945 -0.00431526 0.000115924 -0.00697068 0.000459985 -0.000795403 -0.00442626 -0.00787042 -0.0111646 -0.0145686 -0.0051613 -0.00209902 -0.00629038 -0.0133255 -0.017569 0.000408561 0
internal_weight=23226 1265 322 21961 142 943 5312 219 5093 2270 600 376 252 180 180 776 249 167 112 1670 527
internal_count=12230 1265 322 10965 142 943 5200 219 4981 2262 600 376 252 180 180 776 249 167 112 1662 527
is_linear=0
shrinkage=0.0749695


Tree=13
num_leaves=22
num_cat=0
split_feature=21 56 11 10 34 21 16 37 43 2 57 31 54 10 38 10 0 52 53 43 21
split_gain=23.4535 13.158 6.2974 8.86573 3.98975 2.70198 1.81541 2.49535 1.1013 1.05582 0.872631 0.730211 0.76447 1.07499 0.686906 0.632025 1.05195 0.62474 0.867246 0.751165 1.78798
threshold=26.635000000000002 1012.0500000000001 10.500000000000002 0.99164058729498161 0.8092827293750452 28.915000000000003 22.661079485005562 27.610223417414932 28.369375000000005 32.150000000000013 1011.35 -4.781623514694803 0.99750000000000016 -0.8520459593969173 4.6250437378662808 -0.29258949745833546 2.3350000000000004 0.99950000000000017 0.99750000000000016 28.679166666666671 25.235000000000003
decision_type=2 2 2 2 2 2 2 2 2 2 2 2 2 2 2 2 2 2 2 2 2
left_child=1 6 8 4 -4 10 7 -1 -3 11 -2 -8 17 -14 -12 16 -15 19 -19 -13 -21
right_child=5 2 3 -5 -6 -7 9 -9 -10 -11 14 12 13 15 -16 -17 -18 18 -20 20 -22
leaf_value=-0.0092289739111660607 0.01219526665316093 0.00029753681554717243 -0.25671614893707367 -0.056162072511572632 -0.11733845173885891 0.17451896197350672 -0.088019696913133022 -0.13587319975928361 -0.068148794148918904 0.016418132643174078 -0.022379097830489941 0.0031447976889775308 -0.002484035784902043 -0.032241610166838922 -0.15333994750839364 -0.014210532417897121 -0.054512517350060616 -0.0054885566586053373 -0.038004251954719098 -0.064018795833445497 -0.0026853177655509985
leaf_weight=81 2978 137 128 103 105 16560 104 94 98 626 122 1043 178 53 53 90 56 96 66 79 376
leaf_count=81 2890 137 128 103 105 5656 104 94 98 626 118 1043 178 53 53 90 56 96 66 79 376
internal_value=0.00218467 -0.00343195 -0.0138464 -0.020509 -0.0285446 0.00319505 -0.00133682 -0.00877502 -0.00341947 -0.000792074 0.001099 -0.00162816 -0.00120408 -0.00429143 -0.00372923 -0.00803043 -0.0121299 -0.000388481 -0.00477089 0 -0.00243232
internal_weight=23226 3513 571 336 233 19713 2942 175 235 2767 3153 2141 2037 377 175 199 109 1660 162 1498 455
internal_count=12230 3513 571 336 233 8717 2942 175 235 2767 3061 2141 2037 377 171 199 109 1660 162 1498 455
is_linear=0
shrinkage=0.0749695


Tree=14
num_leaves=22
num_cat=0
split_feature=62 62 55 9 9 4 30 4 9 38 1 38 4 9 9 9 38 26 63 36 37
split_gain=20.9692 10.5544 9.2155 7.83497 2.36674 2.17678 5.50877 2.20561 1.8537 1.70721 1.54932 1.28153 1.01953 0.67861 3.01762 6.83997 3.83165 1.10496 0.834041 0.873247 0.783483
threshold=23.882393053936173 34.276376446219217 1011.35 -0.09025077427732299 -0.2760944163666606 1012.5500000000001 79.550000000000011 1013.85 -0.14153898451656977 5.2692706300233683 0.47500000000000003 4.8083631178739097 1013.5500000000001 -0.84293373149377071 -0.96230016621822456 -0.94697898371965705 4.7973481290279629 96.050000000000011 0.50593856204872278 2.7585998277489252 35.881749277056848
decision_type=2 2 2 2 2 2 2 2 2 2 2 2 2 2 2 2 2 2 2 2 2
left_child=2 5 4 12 -1 10 8 11 -7 -6 -2 -8 -4 14 -12 16 -16 -17 19 20 -15
right_child=1 -3 3 -5 9 6 7 -9 -10 -11 13 -13 -14 18 15 17 -18 -19 -20 -21 -22
leaf_value=0.0059505586017577598 0.016471763152322419 0.18409763066226306 -0.31934170023635 -0.038099538753629543 -0.029317060099718212 -0.10267854722629387 0.0085909409929214742 -0.11430196249362207 0.02927642515336203 -0.10317038804234284 0.0059204019166144419 -0.18880688357479589 -0.22400061394047174 0.0012396082907971187 -0.038662779202533484 -0.00022291719454846541 -0.019175580272961002 -0.033425892155875832 0.010608405315354988 -0.071067403080026847 -0.088112918601948545
leaf_weight=207 2850 15555 69 96 55 95 63 66 441 67 574 65 59 1071 60 414 56 58 1108 101 96
leaf_count=207 2630 4823 69 96 55 95 63 66 425 67 574 65 59 1063 60 414 56 58 1088 101 96
internal_value=0.0022008 0.00255979 -0.0121247 -0.0238863 -0.00342229 0.000142321 -0.00369268 -0.0144088 0 -0.0116791 0.000610179 -0.00640606 -0.0360983 -0.000396281 -0.00189911 -0.00573326 -0.0218817 -0.00126485 0.000265274 -0.000956447 -0.00020941
internal_weight=23226 22673 553 224 329 7118 730 194 536 122 6388 128 128 3538 1162 588 116 472 2376 1268 1167
internal_count=12230 11677 553 224 329 6854 714 194 520 122 6140 128 128 3510 1162 588 116 472 2348 1260 1159
is_linear=0
shrinkage=0.0749695


Tree=15
num_leaves=22
num_cat=0
split_feature=62 4 30 59 62 30 25 37 30 52 11 3 9 63 10 10 1 0 45 19 10
split_gain=17.5464 8.01138 8.47462 5.91184 4.6572 2.26707 1.86593 1.22336 1.60405 0.878641 0.850186 1.72979 1.27728 0.63565 0.88379 3.14027 2.22761 1.97906 0.838973 0.910256 0.729381
threshold=27.806029223721971 1012.35 77.850000000000009 3.0950000000000002 34.673315225271246 87.450000000000017 23.765000000000004 27.610223417414932 84.850000000000009 0.99950000000000017 4.5000000000000009 0.14550000000000002 -0.19244979981841004 2.6833170346860915 -0.86955717898714324 -0.8140159405215136 2.0250000000000004 2.3850000000000002 2231.2780000000007 34.373541344164344 0.30080866500414788
decision_type=2 2 2 2 2 2 2 2 2 2 2 2 2 2 2 2 2 2 2 2 2
left_child=1 6 -3 5 10 -4 7 -1 -9 -8 -2 12 -12 14 18 16 -16 -18 19 -13 -17
right_child=4 2 3 -5 -6 -7 9 8 -10 -11 11 13 -14 -15 15 20 17 -19 -20 -21 -22
leaf_value=-0.02663928217179877 0.086122834595377062 -0.01874042762570035 -0.10938690134380206 -0.29845070592376649 0.18999891946958861 -0.13342944990537803 -0.00025377230069754183 -0.034812041700170271 -0.16802362877678645 -0.015409339899626435 0.0020977678816004636 0.010907974134572656 -0.10221368744993148 0.048682328202016192 -0.0043763023832686567 0.0074440794958224189 -0.081780339202359956 -0.13632483474159102 0.012777553721500424 -0.065216693724642907 -0.030955133200352033
leaf_weight=96 1465 209 117 76 15206 79 1664 56 94 183 64 108 99 559 91 1446 58 60 1059 54 383
leaf_count=96 1365 209 117 76 4530 79 1664 56 94 183 60 96 91 399 91 1430 58 60 1059 54 363
internal_value=0.00222662 -0.00357552 -0.0123174 -0.0209742 0.00295888 -0.0123457 -0.00146517 -0.00761409 -0.0117955 -0.000537626 0.00103071 0.000407728 -0.00697378 0.000775317 0.000311823 -0.000577301 -0.00924129 -0.0158964 0.00193924 -0.00250313 0.000330146
internal_weight=23226 2574 481 272 20652 196 2093 246 150 1847 5446 3981 163 3818 3259 2038 209 118 1221 162 1829
internal_count=12230 2574 481 272 9656 196 2093 246 150 1847 5126 3761 151 3610 3211 2002 209 118 1209 150 1793
is_linear=0
shrinkage=0.0749695


Tree=16
num_leaves=22
num_cat=0
split_feature=25 20 36 21 57 10 4 55 30 59 9 2 3 52 58 61 59 36 59 58 61
split_gain=14.9771 5.9375 4.00056 3.79659 2.69503 3.44884 2.1425 1.56053 6.47736 3.46633 1.4015 0.724821 0.593951 0.612661 0.833403 0.934695 2.4792 0.582072 0.918523 1.12417 0.640372
threshold=26.085000000000004 22.661079485005562 1.5077490174277624 29.505000000000006 1012.0500000000001 0.98927755889796032 1013.7500000000001 1012.1500000000002 81.250000000000014 2.4750000000000005 -0.12447811117596669 50.350000000000001 0.060500000000000005 0.99650000000000005 2.3050000000000002 5.0550000000000006 1.8550000000000002 1.5786635998341771 1.8050000000000004 1.425 5.3650000000000011
decision_type=2 2 2 2 2 2 2 2 2 2 2 2 2 2 2 2 2 2 2 2 2
left_child=1 2 4 6 -1 -6 11 12 -9 -10 -8 17 -3 -14 15 -15 -17 18 19 -2 -20
right_child=3 7 -4 -5 5 -7 10 8 9 -11 -12 -13 13 14 -16 16 -18 -19 20 -21 -22
leaf_value=-0.096452855189154335 -0.014856497020023363 -0.085710303468452972 -0.049264927606553655 0.17483086880112392 -0.27903374497655203 -0.052309836539285427 -0.086794260751421215 0.00085114288839716046 -0.036355377446892281 -0.2559374649260126 -0.023304717927555455 0.041070075869726615 0.0020956625845402858 -0.0023061836235786703 0.00020239879050292056 0.010631957837135386 -0.01846681484909287 0.0087642535770211961 0.011335013951952527 -0.08563672714480336 -0.0051316037963857987
leaf_weight=71 127 90 127 15685 87 58 54 248 53 59 105 1758 1243 147 350 54 90 1649 762 68 341
leaf_count=71 127 90 127 5021 87 58 54 248 53 59 105 1430 1243 147 350 54 90 1645 762 68 341
internal_value=0.00225244 -0.00298639 -0.012225 0.00294398 -0.0183989 -0.0244527 0.00106 -0.00153702 -0.00611217 -0.0208202 -0.00723805 0.0013832 -0.00060357 -0.000215258 -0.00216067 -0.00511243 -0.00937484 0.00058366 -0.000502311 -0.00524346 0.000187641
internal_weight=23226 2677 343 20549 216 145 4864 2334 360 112 159 4705 1974 1884 641 291 144 2947 1298 195 1103
internal_count=12230 2677 343 9553 216 145 4532 2334 360 112 159 4373 1974 1884 641 291 144 2943 1298 195 1103
is_linear=0
shrinkage=0.0749695


Tree=17
num_leaves=22
num_cat=0
split_feature=25 57 38 21 37 37 26 4 43 57 0 9 43 38 51 36 23 27 9 53 37
split_gain=12.6588 5.35525 6.19831 4.43329 4.41879 4.40213 3.51802 1.76224 1.16656 1.18395 0.789266 1.28979 1.81931 0.991943 0.750691 0.631021 0.592833 0.785348 1.70837 0.437118 0.563008
threshold=28.915000000000003 1010.5500000000001 5.0407248761619963 19.915000000000003 26.748818325577179 31.398183111105723 78.850000000000009 1012.1500000000002 27.078750000000003 1013.6500000000002 2.4050000000000007 -0.84293373149377071 28.447291666666672 4.4999540721328772 168.38900000000004 1.4658842296950294 31.725000000000005 93.950000000000017 -0.96230016621822456 0.15250000000000002 34.970776431160225
decision_type=2 2 2 2 2 2 2 2 2 2 2 2 2 2 2 2 2 2 2 2 2
left_child=1 10 3 -3 -4 6 -6 -8 9 -2 11 12 16 -14 -10 -13 17 -1 -19 20 -12
right_child=8 2 4 -5 5 -7 7 -9 14 -11 19 15 13 -15 -16 -17 -18 18 -20 -21 -22
leaf_value=0.01176787527913551 0.088293548568057531 -0.095330062053719938 0.01658073197860678 0.0017843908340354018 -0.095536767011500504 -0.0056885705704042104 -0.11089711787841894 -0.25758023612327369 0.012604088735545955 -0.094024687366985368 -0.21143378858828449 -0.0031172333665916651 -0.031860177975601742 -0.019085427773498136 0.1736230001817084 0.0093666323745770583 -0.025356036980541823 0.0027106069618638047 -0.017376093444473047 0.0084112041555953077 0.098210568923418284
leaf_weight=345 300 81 96 820 67 70 127 70 863 81 84 1002 67 108 15289 971 53 133 82 2444 73
leaf_count=325 176 81 96 812 67 70 127 70 687 81 84 966 67 108 4717 967 53 133 82 2388 73
internal_value=0.00226858 -0.000458675 -0.00472355 -0.00095911 -0.0121321 -0.0162075 -0.0205922 -0.02574 0.00338331 -0.000306075 0.000568968 -0.000259516 -0.00286303 -0.00961598 0.00348143 0.000693021 -0.00060445 0 -0.00338932 0.00151617 -0.00176273
internal_weight=23226 6693 1331 901 430 334 264 197 16533 381 5362 2761 788 175 16152 1973 613 560 215 2601 157
internal_count=12230 6569 1323 893 430 334 264 197 5661 257 5246 2701 768 175 5404 1933 593 540 215 2545 157
is_linear=0
shrinkage=0.0749695


Tree=18
num_leaves=22
num_cat=0
split_feature=62 62 23 11 4 44 10 52 37 10 18 1 10 31 42 54 36 2 38 52 10
split_gain=12.325 6.74295 3.50876 1.82712 2.28152 1.86602 4.96474 2.65216 1.48948 1.04177 2.10669 0.963654 1.11755 1.32241 1.84387 0.890617 0.766381 0.662975 0.557793 1.23969 0.609794
threshold=36.030490009272008 22.623775382985865 25.145000000000003 7.5000000000000009 1011.6500000000002 2.3592760762971015 0.73246693938583607 0.10850000000000001 26.386079852791188 -0.8140159405215136 34.632368891987191 5.5950000000000006 -0.86955717898714324 -1.1697684578097396 1.0826302814406128 0.50050000000000006 2.1006024083461905 79.600000000000009 3.3396367428168041 0.65350000000000008 -0.98798606843101155
decision_type=2 2 2 2 2 2 2 2 2 2 2 2 2 2 2 2 2 2 2 2 2
left_child=1 2 -1 11 9 -6 -7 8 -8 10 -5 18 -13 14 -14 -4 17 -11 19 -3 -20
right_child=-2 3 15 4 5 6 7 -9 -10 16 -12 12 13 -15 -16 -17 -18 -19 20 -21 -22
leaf_value=-0.21149973361343444 0.20205939351416993 -0.068386605427445193 -0.10520186986529804 1.5499446291538995e-05 0.027829521802807924 -0.087874514416662955 -0.045319786799536729 0.0054324645845736409 -0.22454503631268868 -0.0048314972243667419 -0.12461900131077414 0.0019169370306190477 -0.095455716897194093 -0.0058597899502022821 -0.0051147387402857908 0.0064452910835725245 0.015645535421200535 0.020671721903455367 -0.0032175735786908921 0.0036404982433652549 0.018388665860634621
leaf_weight=147 13879 60 59 111 145 98 69 297 57 1537 65 534 55 102 58 101 1162 482 342 414 3452
leaf_count=147 3627 56 59 111 129 94 69 293 57 1481 65 534 55 102 58 101 954 390 334 402 3112
internal_value=0.00226858 0.000144073 -0.0106957 0.000535695 -0.000623191 -0.00462825 -0.00680194 -0.00272042 -0.0117817 0.000122014 -0.00536007 0.00150033 -0.000814072 -0.00544993 -0.0109391 -0.00166148 0.00048662 -0.000321371 0.0019486 -0.00014434 0.00225698
internal_weight=23226 9347 307 9040 4023 666 521 423 126 3357 176 5017 749 215 113 160 3181 2019 4268 474 3794
internal_count=12230 8603 307 8296 3643 642 513 419 126 3001 176 4653 749 215 113 160 2825 1871 3904 458 3446
is_linear=0
shrinkage=0.0749695


Tree=19
num_leaves=22
num_cat=0
split_feature=62 62 59 30 10 10 0 30 10 10 44 44 37 23 63 30 63 52 10 59 28
split_gain=10.9461 4.29235 2.90298 1.28531 1.6107 10.9933 1.0849 0.805978 0.795806 0.915077 1.6727 3.73892 3.79352 1.0273 0.893058 0.666164 0.922203 0.654904 0.634067 0.854942 0.580973
threshold=36.044492534560213 23.112542859080101 3.3450000000000002 69.550000000000011 0.69635043120606444 0.72660752476856549 2.2950000000000004 93.550000000000011 0.48250774176121808 -0.66483077113278999 2.3816840330028035 2.5548855365834662 33.036329575663068 31.585000000000004 2.1604894887604762 86.65000000000002 1.9165104374396373 0.17450000000000002 0.93225468035816128 2.2250000000000005 91.65000000000002
decision_type=2 2 2 2 2 2 2 2 2 2 2 2 2 2 2 2 2 2 2 2 2
left_child=1 2 7 -3 6 -6 8 15 9 -5 20 12 -12 -13 -15 -1 -17 18 -7 -20 -11
right_child=-2 3 -4 4 5 17 -8 -9 -10 10 11 13 -14 14 -16 16 -18 -19 19 -21 -22
leaf_value=-0.031815445854634937 0.18931858223566658 0.054439545041997953 -0.23412536853917473 0.00073709336315339415 -0.12385250317139695 -0.0025354558830554385 0.0081473973514126583 0.0062812767873824818 0.06229554232327162 0.0063614360991928699 -0.0043398221896129323 0.0028054923356716174 -0.069716840917058029 -0.055596921340190078 -0.049723281096567165 -0.098752038195286121 -0.015034829487511713 0.004487788105123249 -0.018621248307214004 -0.16928941808937387 -0.0085194152442678861
leaf_weight=108 13819 1893 77 1105 67 123 3540 96 289 423 58 326 95 69 58 91 58 574 54 93 210
leaf_count=108 3575 1497 77 1073 67 123 3332 96 237 411 58 318 95 69 46 91 58 550 54 93 202
internal_value=0.00230408 0.000310456 -0.00694147 0.000680121 0.000188489 -0.00271156 0.000646593 -0.0033601 -0.000454116 -0.000971541 -0.00239393 -0.00520706 -0.0153345 -0.0013093 -0.00705939 -0.00569382 -0.00894399 -0.000125549 -0.00332444 -0.0066188 3.16875e-05
internal_weight=23226 9407 430 8977 7084 911 6173 353 2633 2344 1239 606 153 453 127 257 149 844 270 147 633
internal_count=12230 8655 430 8225 6728 887 5841 353 2509 2272 1199 586 153 433 115 257 149 820 270 147 613
is_linear=0
shrinkage=0.0749695


Tree=20
num_leaves=22
num_cat=0
split_feature=62 62 44 9 9 4 9 41 57 9 63 61 9 9 1 26 9 37 63 33 59
split_gain=9.63451 3.12176 1.79975 2.82896 1.44472 1.27394 1.50378 1.33115 2.60682 1.00972 1.86115 1.61402 1.17728 1.74307 0.863679 0.840622 0.746283 1.49372 2.78618 0.64649 0.570241
threshold=36.044492534560213 23.112542859080101 3.360829213900336 -0.14153898451656977 0.13301347478292308 1011.7500000000001 0.10738035228456499 26.260833333333338 1011.1500000000002 -0.86095304316285715 1.3302217334590092 4.4850000000000012 -0.96230016621822456 -0.94697898371965705 2.3950000000000005 93.850000000000009 0.54162280503947546 36.706036527181197 -0.32462450843770968 26.448749439287454 2.8350000000000004
decision_type=2 2 2 2 2 2 2 2 2 2 2 2 2 2 2 2 2 2 2 2 2
left_child=1 2 -1 -4 5 6 9 -7 -9 10 12 -12 -3 15 19 -14 -16 18 -18 -6 -11
right_child=-2 4 3 -5 14 7 -8 8 -10 20 11 -13 13 -15 16 -17 17 -19 -20 -21 -22
leaf_value=-0.050549551831806275 0.17512546577871613 0.011359171994986678 -0.19977055681248326 -0.023611437795924197 -0.0079369216375422703 -0.0056680252756275574 -0.059154692809907157 -0.046781916196342796 -0.110049525001162 0.0098012026878269518 -0.044759090911111452 -0.011653042617954331 -0.039001206658253774 -0.0022915898892913148 0.0080092147650385782 -0.027035723684355591 -0.0023114316435396535 0.015330187722202281 -0.095608053615685321 0.030299038778576957 -0.0010962907629394713
leaf_weight=214 13819 604 82 134 219 436 72 153 59 2114 115 169 53 510 280 53 97 147 78 2793 1025
leaf_count=214 3575 576 82 134 219 428 72 145 59 1882 115 161 53 498 276 53 97 135 78 2453 925
internal_value=0.00231053 0.000437924 -0.00573031 -0.010536 0.000755255 0 0.00040309 -0.00313313 -0.00801563 0.000609414 -0.000916118 -0.00637213 0.000221787 -0.00191498 0.00191334 -0.0105079 -0.000435843 -0.00311567 -0.00793405 0.00244203 0.00139735
internal_weight=23226 9407 430 216 8977 5363 4715 648 212 4643 1504 284 1220 616 3614 106 602 322 175 3012 3139
internal_count=12230 8655 430 216 8225 4967 4335 632 204 4263 1456 276 1180 604 3258 106 586 310 175 2672 2807
is_linear=0
shrinkage=0.0749695


Tree=21
num_leaves=22
num_cat=0
split_feature=62 62 59 27 27 9 10 9 32 1 9 56 37 36 48 21 52 25 61 58 56
split_gain=8.8279 2.74154 1.7978 1.55732 2.01892 1.31661 6.30588 1.09869 1.01883 1.00281 0.764809 0.662614 0.629401 0.592791 0.585596 0.564536 0.535717 0.655235 0.651763 0.536618 0.522531
threshold=36.811114480798615 23.882393053936173 2.0950000000000002 76.550000000000011 87.050000000000011 -0.14153898451656977 0.97690230611205509 -0.073094453017891914 -0.19999999999999749 2.0250000000000004 -0.55601228778889811 1004.0500000000001 34.696745253907473 0.59711116852609891 516.95000000000016 26.445000000000004 0.99750000000000016 25.655000000000005 14.535000000000002 3.0250000000000004 1013.6500000000002
decision_type=2 2 2 2 2 2 2 2 2 2 2 2 2 2 2 2 2 2 2 2 2
left_child=1 2 -1 -4 7 6 8 -5 13 15 -6 12 -11 14 -3 -7 -15 18 19 -18 -10
right_child=-2 5 3 4 10 9 -8 -9 20 11 -12 -13 -14 16 -16 -17 17 -19 -20 -21 -22
leaf_value=0.00074258143067885204 0.17595863435171979 -0.047767525917778393 0.01711928129413906 -0.20671005960741409 -0.069802393241203547 0.00099343939021333586 -0.16831478811220135 -0.03206433046304491 0.024611871334801184 -0.015793911227112163 0.035753989487292172 0.0022130149595137294 -0.062500779123116509 0.00086496739361826311 -0.006227809024992809 0.043688428045590054 -0.017915111093171815 -0.00045925265908974047 0.00079507549695699304 -0.012020043576668084 -0.053684209303307327
leaf_weight=235 13133 112 56 54 67 667 64 66 1464 64 75 971 66 2253 75 3089 153 381 59 54 68
leaf_count=235 3209 104 56 54 67 667 64 66 1124 64 75 903 62 2193 51 2533 153 377 59 54 60
internal_value=0.00230731 0.000618309 -0.00444309 -0.00810118 -0.0106025 0.000931838 0 -0.0180099 0.000366048 0.00179652 -0.00284769 -3.86249e-05 -0.00512883 -0.000370419 -0.00443959 0.0023815 -4.18046e-05 -0.00199086 -0.00482147 -0.00686935 0.00196392
internal_weight=23226 10093 553 318 262 9540 4683 120 4619 4857 142 1101 130 3087 187 3756 2900 647 266 207 1532
internal_count=12230 9021 553 318 262 8468 4239 120 4175 4229 142 1029 126 2991 155 3200 2836 643 266 207 1184
is_linear=0
shrinkage=0.0749695


Tree=22
num_leaves=22
num_cat=0
split_feature=2 28 10 10 53 37 45 59 33 33 35 28 1 58 49 35 4 38 38 9 9
split_gain=8.05387 1.91954 2.16284 4.24312 2.13379 1.75109 1.84985 1.99926 0.987603 0.933442 0.842315 0.758878 0.627169 0.592046 0.781678 0.495289 0.397042 0.826713 0.730578 0.389694 2.66119
threshold=67.550000000000011 50.050000000000004 0.69635043120606444 0.73246693938583607 0.21550000000000002 27.243978449611895 2114.8850000000007 2.3450000000000002 37.792119023578188 33.715198581610075 40.169567807960668 69.050000000000011 0.115 3.1150000000000007 723.30000000000007 32.575630723666812 1012.7500000000001 4.9630267971846687 5.5093159060908095 -0.96230016621822456 -0.94697898371965705
decision_type=2 2 2 2 2 2 2 2 2 2 2 2 2 2 2 2 2 2 2 2 2
left_child=1 -1 8 -4 5 -5 7 -7 12 15 11 13 -3 14 -10 16 -2 -18 -19 -14 -21
right_child=9 2 3 4 -6 6 -8 -9 10 -11 -12 -13 19 -15 -16 -17 17 18 -20 20 -22
leaf_value=0.043903794429688163 0.031646840133904348 0.01418954435848974 -0.14454095637522643 0.015557378769612839 0.0012247626764669394 -0.034014480841170855 -0.018479155931605776 -0.18756165834510488 -0.048178902689063205 0.16224838206976513 0.017112336608022881 0.018069847936731668 0.0040084763138730269 -0.020417974936080559 -0.01594653772577611 -0.082073760250281638 0.034800016746943378 -0.081928818026021241 0.0085790836213727323 -0.013325222827401074 0.00046442027531151187
leaf_weight=1621 1962 790 53 67 594 60 102 63 82 13309 121 60 517 63 94 66 304 84 82 101 3031
leaf_count=1205 1538 734 53 67 594 60 102 63 78 3449 57 44 513 43 86 46 264 84 74 101 2975
internal_value=0.00234281 0.000278462 -0.000332363 -0.00363345 -0.00213444 -0.00736735 -0.0106296 -0.0168995 0.000270888 0.00330016 -0.00312049 -0.00537394 0.000634025 -0.00732353 -0.00954144 0.00181389 0.00203852 0 -0.00412676 0.000165629 -9.60987e-05
internal_weight=23226 7419 5798 939 886 292 225 123 4859 15807 420 299 4439 239 176 2498 2432 470 166 3649 3132
internal_count=12230 6775 5570 939 886 292 225 123 4631 5455 308 251 4323 207 164 2006 1960 422 158 3589 3076
is_linear=0
shrinkage=0.0749695


Tree=23
num_leaves=22
num_cat=0
split_feature=25 62 54 62 44 43 42 45 4 38 6 0 9 23 9 26 60 9 44 44 16
split_gain=7.29929 1.87087 1.58678 0.880226 0.561122 1.54495 0.623309 0.590175 0.477208 1.60492 2.22009 0.566434 0.721873 1.19469 1.30877 1.7263 1.75753 0.617128 0.868648 0.972793 0.440823
threshold=30.835000000000004 23.112542859080101 0.19750000000000004 37.113348189257692 3.7157899827616947 31.595833333333335 0.39232214571263663 2330.5735000000004 1011.6500000000002 4.7607511979890091 0.37940952255126048 2.3750000000000004 -0.84293373149377071 32.155000000000008 -0.96230016621822456 93.550000000000011 2.4750000000000005 -0.34964421742355262 2.5548855365834662 2.5011654529133502 33.974570726300065
decision_type=2 2 2 2 2 2 2 2 2 2 2 2 2 2 2 2 2 2 2 2 2
left_child=1 2 -1 4 5 8 7 -6 11 -10 -11 12 13 14 -3 -16 -17 -14 19 -19 -2
right_child=20 3 -4 -5 6 -7 -8 -9 9 10 -12 -13 17 -15 15 16 -18 18 -20 -21 -22
leaf_value=-0.1616203570738613 0.0017531508855812711 0.0074369088429094296 -0.026732527635294424 0.077337947961030232 -0.12552785148243506 -0.094663816444982993 0.016703981029979081 0.0079464223194590233 0.0064816222869495252 -0.1661236296398492 -0.041146458801669568 0.0043886320713542116 0.012599164595952292 -0.04341431291519305 0.00066854578048292524 -0.0029285951298670026 -0.019705048840255642 -0.0060138910867496339 0.0041995153553578751 -0.057666298801206044 0.16334824681392593
leaf_weight=105 309 427 325 1244 77 69 1992 59 330 58 116 2813 803 56 228 69 124 329 559 63 13071
leaf_count=105 253 407 325 412 77 69 1856 59 314 58 108 2605 719 56 220 69 124 321 515 55 3503
internal_value=0.00231053 0.000737714 -0.00400009 0.00097435 0.000662266 0.000258097 0.00172427 -0.0025936 0.000418456 -0.00168753 -0.00757709 0.00064597 -7.65934e-05 -0.00185247 -0.000899934 -0.00398776 -0.00915432 0.000738859 -0.000398217 -0.00322773 0.00345413
internal_weight=23226 9846 430 9416 8172 6044 2128 136 5975 504 174 5471 2658 904 848 421 193 1754 951 392 13380
internal_count=12230 8474 430 8044 7632 5640 1992 136 5571 480 166 5091 2486 876 820 413 193 1610 891 376 3756
is_linear=0
shrinkage=0.0749695


Tree=24
num_leaves=22
num_cat=0
split_feature=62 16 44 57 28 43 4 37 31 58 54 10 9 23 5 25 29 40 43 62 9
split_gain=7.0627 1.60621 0.859781 1.33562 0.856723 1.30936 1.27323 1.34823 0.869696 0.720995 0.658642 2.42609 0.578337 1.00452 0.490038 0.460397 0.443761 0.431466 0.419506 0.4017 0.817961
threshold=36.811114480798615 27.180035427112156 3.7348315445839355 1013.6500000000002 71.850000000000009 27.045833333333338 1005.85 33.008391322812294 -2.1713639892285825 1.0250000000000001 0.060500000000000005 0.97690230611205509 -0.88606241628642823 31.915000000000003 -0.25881904510252113 24.845000000000002 69.850000000000009 0.12013880861241837 35.464791666666677 22.965159731251472 -0.55601228778889811
decision_type=2 2 2 2 2 2 2 2 2 2 2 2 2 2 2 2 2 2 2 2 2
left_child=1 10 3 4 5 -3 7 -7 -9 -2 11 -1 13 -8 15 19 -6 -4 -19 20 -12
right_child=9 2 17 -5 16 6 12 8 -10 -11 14 -13 -14 -15 -16 -17 -18 18 -20 -21 -22
leaf_value=-0.0002355511782192573 -0.0059828131196516098 -0.11004724757175141 -0.12250756635232163 -0.10574168930056652 0.00065480708992567257 0.00020093808803406924 0.00032419532652768461 -0.01524271200518249 -0.057139041394128613 0.14582050951694092 -0.070429308477041513 -0.16119911959798472 0.011256007214530784 -0.037104459815451393 0.011316455247704688 -0.0058804119598165755 0.014020352217211722 0.038409053159501723 -0.032412539887885269 0.005894329331535289 -0.006692480030062526
leaf_weight=122 228 63 70 71 1061 279 120 124 128 12905 56 72 1194 60 444 773 2217 2526 79 428 206
leaf_count=122 76 63 70 63 1057 243 116 112 100 3133 56 72 1026 60 444 773 1869 2094 47 428 206
internal_value=0.0022589 0.000744542 0.00123978 0.000640713 0.000812906 -0.000350602 0 -0.0030966 -0.00705339 0.00340864 -0.00105345 -0.00528904 0.00121487 -0.00229822 -0.00052074 -0.00125106 0.00156549 0.00236161 0.00255434 0 -0.00212478
internal_weight=23226 10093 7992 5317 5246 1968 1905 531 252 13133 2101 194 1374 180 1907 1463 3278 2675 2605 690 262
internal_count=12230 9021 6920 4709 4646 1720 1657 455 212 3209 2101 194 1202 176 1907 1463 2926 2211 2141 690 262
is_linear=0
shrinkage=0.0749695


Tree=25
num_leaves=22
num_cat=0
split_feature=30 10 10 31 52 59 20 57 9 59 9 43 40 0 9 44 21 36 44 44 55
split_gain=7.31549 2.11113 5.8104 1.15268 1.02219 1.1845 0.874571 1.28094 0.839897 0.770006 0.632118 0.843727 0.629243 0.627792 0.615477 1.35532 0.538429 0.534471 0.771108 0.736852 0.508197
threshold=69.550000000000011 0.69635043120606444 0.72660752476856549 -0.32719752181601786 0.34150000000000008 3.7550000000000003 36.853791067830478 1006.2500000000001 -0.94697898371965705 1.6850000000000003 0.58429276287313725 31.231041666666673 0.30005555041568094 2.5650000000000004 -0.86095304316285715 2.1010803811460681 30.015000000000004 1.3260291294388808 2.3816840330028035 2.5548855365834662 1007.35
decision_type=2 2 2 2 2 2 2 2 2 2 2 2 2 2 2 2 2 2 2 2 2
left_child=8 3 -3 6 5 12 10 -8 13 14 11 17 -4 -1 15 -5 -10 20 -19 -20 -2
right_child=1 2 4 9 -6 -7 7 -9 16 -11 -12 -13 -14 -15 -16 -17 -18 18 19 -21 -22
leaf_value=-0.024847711076425597 0.00010127051780310035 -0.09316697115863852 -0.080757140818604203 0.04035617086086736 0.0057630158712489148 -0.15237614184943379 -0.034781327536477995 -0.0096075092148004484 0.012427810420938063 0.038841910358386057 0.031481668205554182 -0.092396601614734356 -0.0010271395072049263 0.07260415710723124 0.026142719877708331 -0.036846176961199087 0.15472734322993686 0.0094146021257253375 -0.017366673972944398 0.0016396445939532566 -0.0081844162411415407
leaf_weight=153 1047 79 63 94 655 56 132 266 1015 2418 1145 56 425 232 256 119 12150 829 338 1321 377
leaf_count=61 915 79 63 54 631 56 96 134 787 1242 1045 56 425 76 192 91 3386 829 338 1309 365
internal_value=0.00218144 0.000584146 -0.00220696 0.00103084 -0.000727621 -0.00320798 0.000355779 -0.0029366 0.00330847 0.00225583 0.000648677 0.00015138 -0.00155937 0 -0.000185552 -0.00345533 0.00340947 0.000329706 0.00102372 0 -0.000757364
internal_weight=23226 9676 1278 8398 1199 544 5511 398 13550 2887 5113 3968 488 385 469 213 13165 3912 2488 1659 1424
internal_count=12230 7920 1254 6666 1175 544 5087 230 4310 1579 4857 3812 488 137 337 145 4173 3756 2476 1647 1280
is_linear=0
shrinkage=0.0749695


Tree=26
num_leaves=22
num_cat=0
split_feature=30 10 10 54 2 30 9 58 20 54 59 9 9 61 16 57 38 63 58 54 3
split_gain=7.0179 1.78002 5.41959 1.02597 1.00326 0.919317 1.67035 1.55478 0.806906 0.716032 0.640108 0.634598 0.567531 1.03894 0.522686 0.580555 0.519594 0.522273 0.634195 0.925978 0.513748
threshold=69.550000000000011 0.69635043120606444 0.72660752476856549 0.33150000000000007 124.65000000000002 82.950000000000017 -0.2760944163666606 1.9550000000000003 37.752531103392272 0.98850000000000005 1.7050000000000003 -0.94697898371965705 -0.86095304316285715 2.4250000000000003 33.841590953382642 1006.1500000000002 3.6373622925833056 -0.96044344854443853 2.6650000000000005 0.93050000000000022 0.97950000000000015
decision_type=2 2 2 2 2 2 2 2 2 2 2 2 2 2 2 2 2 2 2 2 2
left_child=11 4 -3 5 8 -4 -7 -8 9 16 12 -1 13 -6 15 -13 17 -2 19 -19 -10
right_child=1 2 3 -5 10 6 7 -9 20 -11 -12 14 -14 -15 -16 -17 -18 18 -20 -21 -22
leaf_value=-0.00032302822198043826 0.010039261559242337 -0.086182291387744026 -0.0096407980869241301 0.0079179730909629716 -0.036704582499438136 0.039223678939037873 -0.01034247336880414 -0.13451823792570475 -0.010253236209704825 -0.00051750551080043301 0.044968235495637547 -0.04502193215548661 0.025780917637609868 -0.0097882052612035964 0.14036827850106359 0.019567357975819918 0.011549798522850614 -0.10273463855968674 0.0025307822760323416 -0.023119817637268815 -0.037526569005277871
leaf_weight=385 205 79 306 635 87 83 76 99 107 2246 2274 80 250 141 12345 740 2617 64 170 139 98
leaf_count=137 193 79 306 611 71 83 76 99 51 2194 1098 72 198 81 3429 672 2385 56 146 135 58
internal_value=0.00214917 0.000584146 -0.00197292 -0.000540555 0.000995146 -0.00296273 -0.00623151 -0.0104569 0.000383772 0.000587564 0.0021827 0.00325316 0 -0.00298814 0.00334115 0.00114909 0.00132131 -0.000479632 -0.00238459 -0.00525817 -0.00409192
internal_weight=23226 9676 1278 1199 8398 564 258 175 5646 5441 2752 13550 478 228 13165 820 3195 578 373 203 205
internal_count=12230 7920 1254 1175 6666 564 258 175 5218 5109 1448 4310 350 152 4173 744 2915 530 337 191 109
is_linear=0
shrinkage=0.0749695


Tree=27
num_leaves=22
num_cat=0
split_feature=51 9 9 9 9 29 59 37 1 9 9 57 38 59 38 9 43 38 19 53 57
split_gain=6.96001 2.48745 0.897367 0.7827 0.790296 1.00708 1.11983 0.721403 2.30985 0.924694 1.14005 1.16653 2.25396 1.71853 3.32494 1.29062 2.10551 0.520498 1.12398 0.49459 0.893959
threshold=10601.558000000001 0.65189295912203338 -0.15005400879207767 -0.99273952934267318 -0.3171883513140959 90.550000000000011 3.9550000000000005 36.095828711036212 3.2850000000000006 0.6254047815183511 0.1670500785599974 1011.6500000000002 5.1410329673178117 2.4350000000000005 5.6234673182403636 0.12447811117596704 29.148333333333337 3.3750740977723099 40.095453702228639 0.99850000000000005 1008.2500000000001
decision_type=2 2 2 2 2 2 2 2 2 2 2 2 2 2 2 2 2 2 2 2 2
left_child=1 7 3 -2 -5 6 -6 9 -9 10 11 15 -13 -14 -15 19 -17 18 -3 -1 -21
right_child=2 17 -4 4 5 -7 -8 8 -10 -11 -12 12 13 14 -16 16 -18 -19 -20 20 -22
leaf_value=0.0011073733499942973 -0.025124924185046277 0.025137973816343237 0.17802238823019123 0.076867827660732385 -0.046670856590577937 0.037524329305948824 -0.051743629219201004 -0.00048103602129544008 -0.086669564245295358 -0.085422459243402776 0.0097171146687416617 -0.0053505387898218366 -0.012074237482762895 -0.13172875935642622 -0.041897925395489616 0.0081713374359010417 -0.0554651767960085 0.075215596163519541 -0.039518022426832576 -0.0038696502102883849 -0.011355600187302736
leaf_weight=4096 170 518 8794 3782 79 258 56 158 71 60 1526 327 70 53 74 61 60 2200 107 530 176
leaf_count=3800 90 258 2050 1334 59 94 48 122 71 60 1322 311 62 53 74 61 60 1544 103 494 160
internal_value=0.00207494 0.000571869 0.00321485 0.00222185 0.00244681 -0.000372477 -0.00589207 -0.0001395 -0.00425008 0 7.81145e-05 -0.000402598 -0.00375619 -0.0100195 -0.0151148 -7.13639e-06 -0.00758111 0.00246167 0.000223007 0.00015163 -0.00161915
internal_weight=23226 10087 13139 4345 4175 393 135 7262 229 7033 6973 5447 524 197 127 4923 121 2825 625 4802 706
internal_count=12230 8555 3675 1625 1535 201 107 6650 193 6457 6397 5075 500 189 127 4575 121 1905 361 4454 654
is_linear=0
shrinkage=0.0749695


Tree=28
num_leaves=22
num_cat=0
split_feature=62 9 10 57 38 44 31 20 10 56 48 41 9 34 49 45 0 44 59 10 43
split_gain=6.82609 1.57861 7.33712 1.53236 0.943225 0.952107 0.933694 0.825175 0.750138 0.708442 0.933463 0.566508 1.45956 0.542693 0.489196 1.13981 0.466309 0.524795 0.460374 0.440064 1.90333
threshold=37.67045672492582 -0.15005400879207767 0.97690230611205509 1013.9500000000002 3.5841268722963 4.2273754884346575 0.25911504266070301 30.957565864656118 -0.93533330245768853 1004.1500000000002 131.45000000000002 31.31666666666667 -0.86958133671945925 0.42579764103837758 629.00000000000011 2262.4130000000005 1.8750000000000002 2.5425736561373515 1.2150000000000001 -0.99049576193482802 29.678333333333338
decision_type=2 2 2 2 2 2 2 2 2 2 2 2 2 2 2 2 2 2 2 2 2
left_child=1 2 3 6 5 9 8 13 14 10 -3 -10 -13 -6 15 -1 17 -11 -2 20 -9
right_child=18 4 -4 -5 7 -7 -8 19 11 16 -12 12 -14 -15 -16 -17 -18 -19 -20 -21 -22
leaf_value=-0.061440617268919445 0.00084956712429068112 -0.0066365250498561139 -0.12099218086954479 -0.06028338161720985 -0.040547547519215875 -0.057675943926205855 0.024389103727654796 0.073707574238578655 0.0010250301988275086 -0.050636956537278219 -0.043914207974858267 -0.037197204857493407 0.00036448788320655269 0.0071271301335629408 0.012140762363386176 -0.0021471426271420842 0.013859216494132 0.016741632013954094 0.13693751253848074 0.062762988821877391 -0.035128940645850266
leaf_weight=85 298 93 96 97 265 89 1964 298 2915 98 54 143 334 1141 88 230 851 113 10886 3009 79
leaf_count=73 90 89 96 93 265 73 1264 166 2807 98 46 99 226 1141 60 230 743 89 2342 2069 71
internal_value=0.00208462 0.000826038 -1.28271e-05 0.000299645 0.00167475 0 0.000488785 0.00216091 -0.000155315 0.000437151 -0.0041247 0.000159397 -0.00214921 0.000474456 -0.00322337 -0.00467984 0.00124696 -0.00142349 0.00342315 0.00280738 0
internal_weight=23226 12042 5952 5856 6090 1298 5759 4792 3795 1209 147 3392 477 1406 403 315 1062 211 11184 3386 377
internal_count=12230 9798 4948 4852 4850 1138 4759 3712 3495 1065 135 3132 325 1406 363 303 930 187 2432 2306 237
is_linear=0
shrinkage=0.0749695


Tree=29
num_leaves=22
num_cat=0
split_feature=30 2 9 44 9 45 38 4 50 43 9 10 21 43 0 23 24 53 9 9 44
split_gain=6.41857 1.62663 1.06306 1.31179 0.764786 0.833787 0.829299 0.766524 1.31671 1.39198 0.752701 1.25509 0.748802 0.74069 0.612162 0.71761 0.562855 0.552292 1.00118 2.62749 0.504881
threshold=63.650000000000013 184.15000000000001 -0.99273952934267318 2.1159335926917344 0.65189295912203338 2250.8220000000006 3.301083849027056 1005.9500000000002 521.94166666666695 28.381250000000001 0.54162280503947546 -0.8140159405215136 30.015000000000004 31.554375000000004 1.2350000000000001 24.715000000000003 24.845000000000002 0.25950000000000006 -0.15855791680139872 -0.22611359161738934 3.2191930530328432
decision_type=2 2 2 2 2 2 2 2 2 2 2 2 2 2 2 2 2 2 2 2 2
left_child=12 4 3 -3 5 7 13 8 9 -2 20 -12 -1 -6 -4 -16 -17 18 19 -9 -7
right_child=1 2 14 -5 6 10 -8 17 -10 -11 11 -13 -14 -15 15 16 -18 -19 -20 -21 -22
leaf_value=0.0031289766854005569 -0.0055176546904341754 0.017642776513198757 -0.025774184559022844 -0.038475201914732457 0.0017303369838613056 0.00055023677513232265 0.049181086823161461 -0.010915890162886476 -0.00096181322171914288 -0.047554359144779415 -0.077754951784071782 -0.0070654491463433703 0.13897262888473436 -0.025101537196704337 -0.01534657448295808 -0.0061693646970450633 0.067132504756739916 0.0021225717620016234 -0.0072069006384261891 -0.13592686685021521 0.015591720295177617
leaf_weight=517 129 104 183 89 229 3420 1248 89 251 127 75 153 10421 62 391 285 3527 1092 272 56 506
leaf_count=425 89 56 83 61 177 3320 1060 89 123 103 71 137 2773 62 291 113 1447 916 272 56 506
internal_value=0.00206203 0.00086623 0.00198895 -0.00304353 0.000175644 -0.000171463 0.00168036 -0.00144121 -0.0040062 -0.00775414 0.000402483 -0.0036364 0.00338843 -0.00154602 0.00225319 0.00245548 0.00277491 -0.000454535 -0.00281277 -0.00776971 0.00068532
internal_weight=23226 12288 4579 193 7709 6170 1539 2016 507 256 4154 228 10938 291 4386 4203 3812 1509 417 145 3926
internal_count=12230 9032 2051 117 6981 5682 1299 1648 315 192 4034 208 3198 239 1934 1851 1560 1333 417 145 3826
is_linear=0
shrinkage=0.0749695


Tree=30
num_leaves=22
num_cat=0
split_feature=62 26 9 21 43 4 43 4 45 0 50 40 9 63 9 30 9 43 9 9 55
split_gain=6.26661 1.32762 0.830952 1.98382 0.776612 0.846309 2.25273 0.984274 0.965846 0.935056 1.19919 1.23811 0.888517 1.63126 2.30553 0.996428 0.449463 1.12966 0.427163 0.961051 1.3321
threshold=37.67045672492582 62.250000000000007 -0.86958133671945925 32.155000000000008 32.501041666666673 1006.1500000000002 31.190416666666668 1012.0500000000001 2247.5625000000005 3.0450000000000004 546.97500000000036 0.78885993687103351 -0.14153898451656977 -1.1603265822937485 -0.71466676797886819 80.450000000000017 0.97109105924028427 31.655000000000005 -0.86958133671945925 -0.96230016621822456 1007.6500000000002
decision_type=2 2 2 2 2 2 2 2 2 2 2 2 2 2 2 2 2 2 2 2 2
left_child=1 -1 3 -2 5 6 8 16 9 10 11 -3 13 -9 -15 -16 18 -18 19 -7 -21
right_child=2 4 -4 -5 -6 7 -8 12 -10 -11 -12 -13 -14 14 15 -17 17 -19 -20 20 -22
leaf_value=0.047977361083087748 0.049184470837521851 -0.062017196295933052 0.12667874228653853 -0.030954571992735783 0.042162924587009834 0.0079483958239740232 -0.072037350081315163 -0.01424037399796242 0.0010898980282652976 -0.0033597695592437072 -0.013686842022502612 -0.019346897427342538 0.0050644510213099887 0.017096545360291922 -0.059832249146066524 -0.10978384954412043 0.084799774227977284 -0.1252328956675314 0.0069987526731951025 0.0071396237863794272 -0.015175218431255064
leaf_weight=2202 793 77 10204 187 805 669 66 203 1582 377 157 58 451 86 60 75 89 56 4417 206 406
leaf_count=1382 237 69 2128 67 545 545 62 199 1486 225 65 46 447 70 60 75 85 52 3833 186 366
internal_value=0.00203298 0.000826038 0.00331593 0.000962109 0.000431227 0.000210427 -0.000994155 0.000652722 -0.000501137 -0.00291818 -0.00609795 -0.0113131 -0.00161062 -0.00410889 -0.00854633 -0.0145657 0.00102291 -0.00271425 0.00115084 0 -0.00219549
internal_weight=23226 12042 11184 980 9840 9035 2317 6718 2251 669 292 135 875 424 221 135 5843 145 5698 1281 612
internal_count=12230 9798 2432 304 8416 7871 1953 5918 1891 405 180 115 851 404 205 135 5067 137 4930 1097 552
is_linear=0
shrinkage=0.0749695


Tree=31
num_leaves=22
num_cat=0
split_feature=51 9 9 37 56 9 37 9 52 9 9 37 0 36 19 3 9 37 20 9 9
split_gain=6.29653 2.06002 1.31909 0.983142 2.38581 0.768886 1.03314 0.793224 0.753897 1.13588 2.1887 0.66379 0.620205 0.518741 0.682447 0.626471 0.583122 0.805353 0.494209 0.902749 2.86966
threshold=10601.558000000001 0.65189295912203338 -0.15005400879207767 36.095828711036212 1004.85 -0.3171883513140959 31.425993330112149 -0.99273952934267318 0.21550000000000002 -0.15855791680139872 -0.2760944163666606 40.678318281796528 3.9550000000000005 1.3457078012097512 37.422112468240165 0.99950000000000017 -0.99273952934267318 31.488045573814183 33.076446443569026 0.95747632178960107 0.98521098335796142
decision_type=2 2 2 2 2 2 2 2 2 2 2 2 2 2 2 2 2 2 2 2 2
left_child=1 3 5 8 -5 7 12 -2 9 10 -1 18 -7 16 -15 -16 17 -10 19 -3 -21
right_child=2 11 -4 4 -6 6 -8 -9 13 -11 -12 -13 -14 14 15 -17 -18 -19 -20 20 -22
leaf_value=-0.0023443764452494632 -0.020090973842787224 0.022114175307192879 0.14212921371325818 -0.061073581010711323 0.0056995625202570996 -0.063104101216511374 0.053040446532360105 0.058168584515936664 -0.00046994921925462026 -0.0012263498418419515 -0.092385497175712886 -0.026468694043861162 -0.038693616870697604 0.0084871368847631769 -1.5430379441526515e-05 -0.013366649445281143 -0.00060810104948547897 -0.036269556623014676 0.051879112000112838 -0.12238310233428057 0.065708270881435327
leaf_weight=76 170 498 8794 79 150 83 220 3782 59 371 89 133 90 2411 1003 103 2853 68 2020 62 112
leaf_count=76 90 498 2050 67 126 51 76 1334 59 371 89 69 74 2327 1003 103 2365 64 1164 62 112
internal_value=0.0019878 0.000557009 0.00307224 -8.79056e-05 -0.00489555 0.00191151 -0.000940007 0.00224075 4.54843e-05 -0.0026161 -0.00773729 0.00227612 -0.00551507 0.00029374 0.000925731 -0.000494636 -0.0003925 -0.00533323 0.00256507 0.000468377 -0.00377141
internal_weight=23226 10087 13139 7262 229 4345 393 3952 7033 536 165 2825 173 6497 3517 1106 2980 127 2692 672 174
internal_count=12230 8555 3675 6650 193 1625 201 1424 6457 536 165 1905 125 5921 3433 1106 2488 123 1836 672 174
is_linear=0
shrinkage=0.0749695


Tree=32
num_leaves=22
num_cat=0
split_feature=51 9 9 52 1 37 57 55 38 57 38 44 43 21 0 9 52 20 55 43 37
split_gain=6.11017 1.82852 1.48815 1.28544 1.06534 0.745611 2.04879 2.14401 0.760692 1.60223 0.664718 1.41561 0.522417 0.510676 0.503719 0.473265 0.479452 0.456292 0.888856 0.443351 1.08822
threshold=10894.744500000003 0.65189295912203338 -0.86958133671945925 0.75750000000000017 5.285000000000001 36.095828711036212 1005.9500000000002 1005.85 4.9630267971846687 1012.6500000000002 3.5364963439836274 4.2273754884346575 27.888958333333338 32.025000000000013 1.8750000000000002 -0.99052327954040364 0.21550000000000002 36.728916763573039 1004.0500000000001 28.250000000000004 31.157336484878563
decision_type=2 2 2 2 2 2 2 2 2 2 2 2 2 2 2 2 2 2 2 2 2
left_child=1 5 3 4 -2 8 7 -7 17 15 11 14 -4 -5 -3 -10 19 -1 -19 -17 -21
right_child=2 10 12 13 -6 6 -8 -9 9 -11 -12 -13 -14 -15 -16 16 -18 18 -20 20 -22
leaf_value=0.0024696781096750593 -0.032159970396928347 -0.020162872763362726 0.016733620793932567 0.047365667883852672 0.019124419431189123 -0.082943467205757057 0.01030884488351635 -0.023052109339674186 -0.033637227767446536 -0.087860021203931923 0.062144345377894546 -0.027396319898028217 0.11181613489074965 -0.026463801160814565 0.029519308810145042 -0.0096692628958481974 0.00052482516865427732 -0.025370272084157739 0.0010631701794766378 -0.094996611855765231 -0.0077773395769416163
leaf_weight=4304 191 166 931 954 149 55 116 59 67 88 2100 87 10654 158 499 183 1829 144 384 55 53
leaf_count=4072 99 126 551 338 49 55 80 59 67 88 1480 47 2534 54 263 183 1705 76 196 55 53
internal_value=0.00197166 0.000574237 0.0030497 0.000629459 -0.00319252 -2.82803e-05 -0.0042158 -0.011453 8.4023e-05 -0.00101577 0.00218502 2.17321e-05 0.00333737 0.00196408 0.00144364 -0.000522626 -0.000233702 0.000639085 -0.00130086 -0.00307448 -0.00688364
internal_weight=23226 10189 13037 1452 340 7337 230 114 7107 2275 2852 752 11585 1112 665 2187 2120 4832 528 291 108
internal_count=12230 8605 3625 540 148 6689 194 114 6495 2151 1916 436 3085 392 389 2063 1996 4344 272 291 108
is_linear=0
shrinkage=0.0749695


Tree=33
num_leaves=22
num_cat=0
split_feature=25 47 9 39 9 20 57 3 59 56 37 10 9 16 48 59 54 59 19 3 38
split_gain=5.69408 1.47167 0.961891 1.60063 0.953619 0.990736 1.47802 0.922635 1.10721 0.756644 1.00147 0.75321 2.55059 0.703021 0.605229 0.706889 0.557512 0.627844 0.601776 1.21592 0.947414
threshold=32.915000000000006 258.85000000000008 -0.86958133671945925 31.923333333333328 0.82876241254485883 36.90693673216073 1006.4500000000002 0.76250000000000007 2.1950000000000007 1005.9500000000002 31.488045573814183 0.20088311396693925 0.96230016621822489 28.740281578703733 440.85000000000008 2.9050000000000007 0.33150000000000007 3.1950000000000007 38.292758212419706 0.99150000000000016 5.3256710584588065
decision_type=2 2 2 2 2 2 2 2 2 2 2 2 2 2 2 2 2 2 2 2 2
left_child=1 4 3 7 5 13 14 8 -3 10 -4 -6 -13 16 15 -7 17 -1 -18 -20 -21
right_child=-2 2 9 -5 11 6 -8 -9 -10 -11 -12 12 -14 -15 -16 -17 18 -19 19 20 -22
leaf_value=-0.0065193734334720891 0.13119977489966225 -0.051101103220209873 -0.034924153320265869 -0.048002609510128774 0.079457955640855712 -0.028726384825000707 -2.0570741683645008e-06 0.034661216642085095 0.025497090089853371 0.067974109866496005 0.033064461473824948 0.03896297747582645 -0.1112382045396262 0.0038326014141793065 -0.0087250056647684131 -0.030289766449560138 0.0011639484407502062 -0.081440849042502622 0.0049702362151519035 -0.023906023772656791 -0.0003120430311296875
leaf_weight=427 8597 97 148 197 868 87 315 1096 164 3739 656 277 57 3938 80 70 1926 84 157 160 86
leaf_count=427 1985 61 92 73 644 63 155 428 64 1447 252 273 57 3694 40 62 1926 84 157 160 86
internal_value=0.00196843 0.00105068 0.0019475 0.000207918 0.000388396 4.21087e-05 -0.00297275 0.00123832 -0.00243066 0.00250271 0.000168916 0.00234612 -0.000204251 0.000315287 -0.00741569 -0.0101813 -0.000543662 -0.00277971 0 -0.00266981 -0.00611046
internal_weight=23226 14629 6097 1554 8532 7330 552 1357 261 4543 804 1202 334 6778 237 157 2840 511 2329 403 246
internal_count=12230 10245 2417 626 7828 6854 320 553 125 1791 344 974 330 6534 165 125 2840 511 2329 403 246
is_linear=0
shrinkage=0.0749695


Tree=34
num_leaves=22
num_cat=0
split_feature=21 2 9 10 63 27 50 36 43 57 0 57 42 4 44 58 44 63 56 9 43
split_gain=5.64703 1.44356 1.031 5.77177 0.665438 0.757688 1.11736 1.81848 1.271 0.900396 0.650064 0.672802 0.433288 0.839203 0.416991 0.392991 0.560783 0.93213 0.430278 0.674184 2.28936
threshold=32.925000000000004 353.85000000000008 -0.15005400879207767 0.97690230611205509 2.3410552903867274 68.750000000000014 491.89166666666688 1.3368580074294869 28.177708333333335 1013.35 1.0250000000000001 1003.9500000000002 0.23655161144586107 1007.35 2.5492696943400777 1.8750000000000002 2.5548855365834662 -0.32462450843770968 1005.85 0.82876241254485883 31.595833333333335
decision_type=2 2 2 2 2 2 2 2 2 2 2 2 2 2 2 2 2 2 2 2 2
left_child=1 2 3 4 5 6 7 8 -1 -7 -3 14 13 -4 -12 16 17 -14 19 20 -17
right_child=-2 10 12 -5 -6 9 -8 -9 -10 -11 11 -13 15 -15 -16 18 -18 -19 -20 -21 -22
leaf_value=-0.029206649670113417 0.1316309520141358 -0.030241286022366001 0.0014272446736673854 -0.11507290470417277 0.012566925584248052 0.0006293602448771905 -0.0072347373111291751 0.0064354823103939425 -0.05696953883395163 -0.087149687340133022 0.031807180535327072 0.049120418898948262 0.0066338358084295449 -0.10377523414945794 -0.022582519464196291 0.0032346412800548282 0.0053406702787847831 -0.050051025633426643 0.015897583506460859 0.090893658507620448 -0.059552464196616285
leaf_weight=98 8498 140 84 67 608 3182 580 91 61 54 157 5028 66 58 122 736 607 78 2457 352 102
leaf_count=74 1974 64 84 67 548 2938 260 79 61 54 73 2108 58 58 70 584 575 78 2113 220 90
internal_value=0.00194907 0.00104337 0.00044952 -0.000293427 0 -0.000319071 -0.00234986 -0.00654672 -0.0113955 0.000148559 0.00202158 0.0021737 0.0012643 -0.0023317 -0.000974369 0.00142262 0 -0.00428506 0.00174509 0.000384427 -0.000598739
internal_weight=23226 14728 9281 4741 4674 4066 830 250 159 3236 5447 5307 4540 142 279 4398 751 144 3647 1190 838
internal_count=12230 10256 7941 4081 4014 3466 474 214 135 2992 2315 2251 3860 142 143 3718 711 136 3007 894 674
is_linear=0
shrinkage=0.0749695


Tree=35
num_leaves=22
num_cat=0
split_feature=21 32 9 53 43 9 56 55 43 53 9 9 20 9 28 30 57 9 9 20 16
split_gain=5.25431 1.31929 0.909262 0.997683 0.941596 0.827758 0.746823 0.622228 1.28259 0.69295 0.677398 1.86504 0.606796 1.0181 0.465008 0.425791 0.393945 0.385351 0.532204 0.353553 0.808216
threshold=33.305000000000007 0.35500000000000048 -0.86958133671945925 0.74550000000000016 28.191041666666671 0.65189295912203338 1005.9500000000002 1004.0500000000001 29.148333333333337 0.25950000000000006 -0.17552986495351994 -0.24284747324344261 35.653160740125863 -0.96230016621822456 92.950000000000017 73.550000000000011 1006.5500000000001 -0.33346569090932177 -0.21772121422198129 31.64434511418396 32.303179790876165
decision_type=2 2 2 2 2 2 2 2 2 2 2 2 2 2 2 2 2 2 2 2 2
left_child=1 5 3 4 -3 7 17 8 15 10 11 -9 13 -5 -11 -1 -16 -4 -19 20 -7
right_child=-2 2 6 12 -6 19 -8 9 -10 14 -12 -13 -14 -15 16 -17 -18 18 -20 -21 -22
leaf_value=-0.02071931138071819 0.13611995463122434 -1.6863377750864627e-05 0.015600768473951719 0.014775856608892895 -0.030860958896360709 0.020612057537919296 0.052006867270161017 -0.0061193552122942889 -0.044327961711809506 0.0029790147963208433 -0.00096167825788768938 -0.099981749189759411 0.036526652789467026 -0.039853166151904311 0.0019912281983813142 0.0014267252116511168 -0.0089657414590069064 -0.030241384506712352 -0.00252926317755335 0.027541455957841895 -0.091783931805218003
leaf_weight=178 7837 145 239 150 143 310 4461 97 110 5103 360 53 906 111 137 492 401 119 402 1389 83
leaf_count=90 1757 61 111 114 71 310 1913 97 82 4395 360 53 298 99 137 408 401 87 206 1097 83
internal_value=0.00193293 0.00111083 0.00191281 0.000121785 -0.00365949 0.000475372 0.00237738 7.75065e-05 -0.00187774 0.000355326 -0.00220821 -0.00641591 0.00121516 -0.00157968 0.000619873 -0.000347286 -0.00134608 0 -0.000939302 0.00191987 0
internal_weight=23226 15389 6676 1455 288 8713 5221 6931 780 6151 510 150 1167 261 5641 670 538 760 521 1782 393
internal_count=12230 10473 2960 643 132 7513 2317 6023 580 5443 510 150 511 213 4933 498 538 404 293 1490 393
is_linear=0
shrinkage=0.0749695


end of trees

feature_importances:
doy_sin=100
_hi_clim=49
doy_cos=41
temp_c_roll24h_mean=35
temp_c_lag1h=34
heat_index_c_roll24h_mean=31
pressure_hpa_lag6h=31
heat_index_c_roll24h_std=28
temp_c_roll24h_std=28
rh_lag24h=24
wind_ms=23
pressure_hpa=22
wind_ms_lag3h=21
heat_index_c_lag24h=20
hi_residual_lag1h=17
cloud_cover_lag1h=14
pressure_hpa_lag1h=14
precip_mm=12
cloud_cover_lag3h=12
solar_wm2=11
pressure_hpa_lag3h=11
wind_ms_lag1h=11
precip_mm_lag3h=11
heat_index_c_lag1h=10
temp_c_lag24h=10
heat_index_c_roll6h_std=10
cloud_cover=9
month=9
hi_change_3h=9
cloud_cover_lag6h=9
temp_x_rh=8
temp_c_lag6h=7
rh_lag6h=7
rh_lag1h=6
heat_index_c_roll6h_mean=6
temp_change_3h=5
temp_c_roll3h_std=5
temp_c_roll6h_std=5
solar_wm2_roll6h_mean=5
heat_index_c_lag12h=4
rh_lag3h=4
temp_x_solar=4
rh_lag12h=3
heat_index_c_roll3h_mean=3
temp_c_roll6h_mean=3
solar_wm2_lag3h=3
heat_index_c_roll3h_std=2
temp_c_roll3h_mean=2
solar_wm2_lag6h=2
hour_sin=1
hour_cos=1
heat_index_c_lag6h=1
temp_c_lag12h=1
solar_wm2_lag1h=1
precip_mm_lag1h=1

parameters:
[boosting: gbdt]
[objective: quantile]
[metric: quantile]
[tree_learner: serial]
[device_type: cpu]
[data_sample_strategy: bagging]
[data: ]
[valid: ]
[num_iterations: 2000]
[learning_rate: 0.0749695]
[num_leaves: 22]
[num_threads: -1]
[seed: 7]
[deterministic: 0]
[force_col_wise: 0]
[force_row_wise: 0]
[histogram_pool_size: -1]
[max_depth: -1]
[min_data_in_leaf: 53]
[min_sum_hessian_in_leaf: 0.001]
[bagging_fraction: 0.775599]
[pos_bagging_fraction: 1]
[neg_bagging_fraction: 1]
[bagging_freq: 0]
[bagging_seed: 17422]
[bagging_by_query: 0]
[feature_fraction: 0.790729]
[feature_fraction_bynode: 1]
[feature_fraction_seed: 7040]
[extra_trees: 0]
[extra_seed: 6516]
[early_stopping_round: 0]
[early_stopping_min_delta: 0]
[first_metric_only: 0]
[max_delta_step: 0]
[lambda_l1: 2.38106]
[lambda_l2: 3.29408]
[linear_lambda: 0]
[min_gain_to_split: 0]
[drop_rate: 0.1]
[max_drop: 50]
[skip_drop: 0.5]
[xgboost_dart_mode: 0]
[uniform_drop: 0]
[drop_seed: 15215]
[top_rate: 0.2]
[other_rate: 0.1]
[min_data_per_group: 100]
[max_cat_threshold: 32]
[cat_l2: 10]
[cat_smooth: 10]
[max_cat_to_onehot: 4]
[top_k: 20]
[monotone_constraints: ]
[monotone_constraints_method: basic]
[monotone_penalty: 0]
[feature_contri: ]
[forcedsplits_filename: ]
[refit_decay_rate: 0.9]
[cegb_tradeoff: 1]
[cegb_penalty_split: 0]
[cegb_penalty_feature_lazy: ]
[cegb_penalty_feature_coupled: ]
[path_smooth: 0]
[interaction_constraints: ]
[verbosity: -1]
[saved_feature_importance_type: 0]
[use_quantized_grad: 0]
[num_grad_quant_bins: 4]
[quant_train_renew_leaf: 0]
[stochastic_rounding: 1]
[linear_tree: 0]
[max_bin: 255]
[max_bin_by_feature: ]
[min_data_in_bin: 3]
[bin_construct_sample_cnt: 200000]
[data_random_seed: 61]
[is_enable_sparse: 1]
[enable_bundle: 1]
[use_missing: 1]
[zero_as_missing: 0]
[feature_pre_filter: 1]
[pre_partition: 0]
[two_round: 0]
[header: 0]
[label_column: ]
[weight_column: ]
[group_column: ]
[ignore_column: ]
[categorical_feature: ]
[forcedbins_filename: ]
[precise_float_parser: 0]
[parser_config_file: ]
[objective_seed: 15521]
[num_class: 1]
[is_unbalance: 0]
[scale_pos_weight: 1]
[sigmoid: 1]
[boost_from_average: 1]
[reg_sqrt: 0]
[alpha: 0.05]
[fair_c: 1]
[poisson_max_delta_step: 0.7]
[tweedie_variance_power: 1.5]
[lambdarank_truncation_level: 30]
[lambdarank_norm: 1]
[label_gain: ]
[lambdarank_position_bias_regularization: 0]
[eval_at: ]
[multi_error_top_k: 1]
[auc_mu_weights: ]
[num_machines: 1]
[local_listen_port: 12400]
[time_out: 120]
[machine_list_filename: ]
[machines: ]
[gpu_platform_id: -1]
[gpu_device_id: -1]
[gpu_use_dp: 0]
[num_gpu: 1]

end of parameters

pandas_categorical:[]
