tree
version=v4
num_class=1
num_tree_per_iteration=1
label_index=0
max_feature_idx=63
objective=quantile
feature_names=wind_ms precip_mm solar_wm2 cloud_cover pressure_hpa hour_sin hour_cos local_hour_sin local_hour_cos doy_sin doy_cos month station_enc lat lon elevation_m heat_index_c_lag1h heat_index_c_lag3h heat_index_c_lag6h heat_index_c_lag12h heat_index_c_lag24h temp_c_lag1h temp_c_lag3h temp_c_lag6h temp_c_lag12h temp_c_lag24h rh_lag1h rh_lag3h rh_lag6h rh_lag12h rh_lag24h hi_change_3h temp_change_3h heat_index_c_roll3h_mean heat_index_c_roll3h_std heat_index_c_roll6h_mean heat_index_c_roll6h_std heat_index_c_roll24h_mean heat_index_c_roll24h_std temp_c_roll3h_mean temp_c_roll3h_std temp_c_roll6h_mean temp_c_roll6h_std temp_c_roll24h_mean temp_c_roll24h_std temp_x_rh temp_x_evening solar_wm2_lag1h solar_wm2_lag3h solar_wm2_lag6h solar_wm2_roll6h_mean temp_x_solar cloud_cover_lag1h cloud_cover_lag3h cloud_cover_lag6h pressure_hpa_lag1h pressure_hpa_lag3h pressure_hpa_lag6h wind_ms_lag1h wind_ms_lag3h precip_mm_lag1h precip_mm_lag3h _hi_clim hi_residual_lag1h
feature_infos=[0.040000000000000001:8.2699999999999996] [0:93.230000000000004] [0:1009.9] [0:1] [998.5:1020] [-1:1] [-1:1] [-1:1] [-1:1] [-0.99999073973619013:0.99999073973619013] [-0.99996295911626554:1] [1:12] none none none none [15.373032368145491:48.787833850342253] [15.373032368145491:48.787833850342253] [15.373032368145491:48.787833850342253] [15.373032368145491:48.787833850342253] [15.373032368145491:48.787833850342253] [14.69:44.43] [14.69:44.43] [14.69:44.43] [14.69:44.43] [14.69:44.43] [18.100000000000001:99.400000000000006] [18.100000000000001:99.400000000000006] [18.100000000000001:99.400000000000006] [18.100000000000001:99.400000000000006] [18.100000000000001:99.400000000000006] [-8.0370101143076411:13.070703512111439] [-7.9799999999999969:11.140000000000001] [15.586188561469704:48.53718282045913] [0.0033712495195723389:5.2901268955634784] [16.194742695145706:47.604603713916447] [0.038638969367460085:6.5280077783360904] [21.733239693497037:41.479553319998367] [1.3177629034383662:7.2645889702179938] [14.849999999999989:44.240000000000002] [5.5325671015196157e-07:4.3334089736986057] [15.305:43.583333333333336] [0.03847076810491934:6.1517888997157728] [20.260000000000002:36.188750000000006] [1.1647454159851172:5.976123264739587] [756.43200000000002:2708.0299999999997] [0:43.689999999999998] [0:1009.9] [0:1009.9] [0:1009.9] [0:893.80000000000018] [0:44364.906999999999] [0:1] [0:1] [0:1] [998.5:1020] [998.5:1020] [998.5:1020] [0.040000000000000001:8.2699999999999996] [0.040000000000000001:8.2699999999999996] [0:93.230000000000004] [0:93.230000000000004] [20.481786293809304:42.950998391400141] [-8.8345365723662077:7.932805784720717]
tree_sizes=1926 2052 2063 2066 2051 2033 2070 2078 2064 2083 2090 2056 2098 2076 2076 2103 2073 2047 2084 2067 2084 2101 2119 2109 2142 2103 2135 2126 2095 2128 2125 2108 2107 2098 2098 2103 2138 2107 2110 2104 2115

Tree=0
num_leaves=22
num_cat=0
split_feature=21 10 25 51 35 10 3 22 30 63 20 9 20 57 9 43 9 30 21 57 57
split_gain=387.02 70.1537 52.3327 27.5975 9.43796 8.40836 7.01568 6.86509 4.14567 4.04906 3.77428 3.61394 2.99825 2.59681 1.84155 2.73172 1.61785 1.61657 1.43848 1.26625 1.14437
threshold=25.105000000000004 0.67123509350548771 25.965000000000003 1724.0335000000002 26.281899414658252 -0.76107606668641947 0.93950000000000011 26.775000000000002 96.050000000000011 2.3410552903867274 30.73820047930457 -0.96230016621822456 27.286213669451346 1008.35 -0.13301347478292289 28.066458333333337 -0.82391537601316178 79.750000000000014 27.065000000000001 1009.1500000000002 1006.85
decision_type=2 2 2 2 2 2 2 2 2 2 2 2 2 2 2 2 2 2 2 2 2
left_child=1 6 5 4 -3 14 -1 11 12 -9 13 19 16 -4 15 -2 -8 -6 -15 -7 -13
right_child=2 3 10 -5 17 7 8 9 -10 -11 -12 20 -14 18 -16 -17 -18 -19 -20 -21 -22
leaf_value=24.922915669955252 24.930750017176791 24.396592371444676 24.954740229237299 24.607444089745545 24.716112391314304 24.884943665224959 24.861028517165849 24.87051194497354 24.848058649788182 24.715587535094176 25.114425167635659 24.895701696141824 24.901811771020565 24.786958534481833 24.942482724114498 24.865526503878652 24.882582115418529 24.514669404367417 24.904360758806025 24.920329163446201 24.724958825108338
leaf_weight=117 125 525 1032 123 58 93 100 253 79 100 18937 85 57 314 193 140 147 133 272 54 289
leaf_count=117 125 525 1032 123 58 93 100 253 79 100 7941 85 57 314 193 140 147 133 272 54 289
internal_value=24.93 24.8909 24.9324 24.8776 24.8719 24.918 24.9138 24.9137 24.9089 24.9226 24.9333 24.908 24.9143 24.93 24.9268 24.9226 24.9108 24.8902 24.9259 24.9204 24.9038
internal_weight=23226 1339 21887 839 716 1332 500 874 383 353 20555 521 304 1618 458 265 247 191 586 147 374
internal_count=12230 1339 10891 839 716 1332 500 874 383 353 9559 521 304 1618 458 265 247 191 586 147 374
is_linear=0
shrinkage=1


Tree=1
num_leaves=22
num_cat=0
split_feature=62 21 21 21 62 9 62 9 9 20 58 57 47 63 62 43 38 19 56 38 21
split_gain=321.435 78.0101 14.9706 12.421 8.61388 8.26263 7.18693 4.65407 7.84048 2.98683 2.90053 2.71352 1.99358 1.83843 1.8464 1.72838 1.9617 1.62581 1.525 1.27948 1.08126
threshold=26.713740225634279 23.495000000000001 24.235000000000003 25.645000000000003 28.581381325265415 -0.7721494341254892 22.353508343926404 -0.52707282776374165 -0.3896268414500369 27.682640765846251 1.8950000000000002 1007.7500000000001 5.8500000000000005 -0.56935910348461849 27.486907172767626 27.985208333333336 5.1920330861017332 33.622949036361611 1008.4500000000002 4.6250437378662808 23.205000000000002
decision_type=2 2 2 2 2 2 2 2 2 2 2 2 2 2 2 2 2 2 2 2 2
left_child=1 12 20 5 13 10 -7 -8 -9 15 18 -12 -1 14 -4 -5 19 -10 -3 -17 -2
right_child=2 3 4 9 -6 6 7 8 17 -11 11 -13 -14 -15 -16 16 -18 -19 -20 -21 -22
leaf_value=-0.50953713746106133 -0.28323370019990529 -0.068426655057977542 -0.054169613148928819 -0.2270459618041174 0.1353394109941839 -0.51313555449375281 -0.40194193603963169 -0.010550509972054383 -0.22693810792947186 -0.042662192930062404 -0.043469595896388914 -0.069276473586922002 -0.4073750421284919 -0.0064706409593327397 -0.01902622643444872 -0.055742754996551853 -0.2363264068567123 -0.21710263189448448 0.0044775946337287514 -0.043823640120872753 -0.21888178268274969
leaf_weight=370 59 71 163 72 20039 88 82 72 80 241 88 90 55 820 255 84 55 237 70 74 61
leaf_count=370 59 71 163 72 9043 88 82 72 80 241 88 90 55 820 255 84 55 237 70 74 61
internal_value=0.000416069 -0.0297117 0.00300388 -0.020905 0.00316174 -0.0265172 -0.0323545 -0.0275143 -0.0227738 -0.0110931 -0.015508 -0.0222141 -0.0580035 -0.00282165 -0.00689005 -0.0164788 -0.0200926 -0.0277996 -0.0054912 -0.0133486 -0.0228744
internal_weight=23226 1829 21397 1404 21277 878 559 471 389 526 319 178 425 1238 418 285 213 317 141 158 120
internal_count=12230 1829 10401 1404 10281 878 559 471 389 526 319 178 425 1238 418 285 213 317 141 158 120
is_linear=0
shrinkage=0.0749695


Tree=2
num_leaves=22
num_cat=0
split_feature=21 20 21 2 53 28 30 57 10 16 16 10 10 57 30 2 17 32 26 18 0
split_gain=234.919 54.5544 19.73 9.67001 9.18291 7.42169 5.70718 4.95266 6.2509 4.29546 3.10824 3.05318 2.64386 2.638 2.89466 1.88471 2.41772 1.80951 1.37715 1.90668 1.08536
threshold=24.235000000000003 28.009051245199782 22.165000000000003 18.850000000000005 0.63450000000000017 90.550000000000011 77.050000000000011 1009.35 0.92589048012183106 30.71362941024174 25.833110485055709 0.65837719692149965 -0.72658061058372014 1009.9500000000002 85.65000000000002 302.45000000000005 30.570325403171637 -0.22999999999999862 96.65000000000002 30.346081050601509 2.0250000000000004
decision_type=2 2 2 2 2 2 2 2 2 2 2 2 2 2 2 2 2 2 2 2 2
left_child=2 4 -1 13 6 10 -2 -8 -9 11 -6 20 -7 -4 -15 16 -13 18 19 -14 -3
right_child=1 9 3 -5 5 12 7 8 -10 -11 -12 15 17 14 -16 -17 -18 -19 -20 -21 -22
leaf_value=-0.46998791973840937 -0.074372300394479174 -0.0086736643000817383 -0.13962736015056371 -0.26646262596232606 -0.044372141160522197 -0.023999054247068753 -0.10814978719850572 -0.27564053812680428 -0.41722694674312172 0.15970258781704497 -0.0046565095028849842 -0.18074988181285534 -0.064707020046949185 -0.23724508354168006 -0.50714936574862268 -0.023035037693492598 -0.13144851072804872 -0.15184699247627978 -0.060135492507972177 -0.053885468739919062 0.02505897826663591
leaf_weight=296 98 461 57 123 199 198 70 109 101 18855 745 83 168 105 119 136 102 56 68 112 965
leaf_count=296 98 461 57 123 199 198 70 109 101 7863 745 83 168 105 119 136 102 56 68 112 961
internal_value=0.000803353 0.00214273 -0.0418522 -0.0297119 -0.0098966 -0.00712868 -0.0205897 -0.026098 -0.0320269 0.00327714 -0.00272394 -0.000182849 -0.0136885 -0.037596 -0.0420272 -0.00683567 -0.0116933 -0.0173794 -0.019467 -0.0221285 0.00120215
internal_weight=23226 22526 700 404 1924 1546 378 280 210 20602 944 1747 602 281 224 321 185 404 348 280 1426
internal_count=12230 11530 700 404 1924 1546 378 280 210 9606 944 1743 602 281 224 321 185 404 348 280 1422
is_linear=0
shrinkage=0.0749695


Tree=3
num_leaves=22
num_cat=0
split_feature=62 39 62 4 10 44 33 62 38 0 62 43 37 0 37 30 45 37 34 40 0
split_gain=189.59 44.7707 28.511 8.91802 7.1112 9.7684 4.80497 4.20642 3.69596 3.42376 2.40989 2.82042 1.6422 1.50059 2.31763 1.30055 1.16969 1.1557 0.730027 0.631747 0.707825
threshold=25.80312452903404 23.86666666666666 28.386157288626972 1014.0500000000001 0.95989713290459411 4.2481866646965312 28.962113894817065 26.939051099719915 5.3569034855131035 2.3350000000000004 31.023288707547525 25.798333333333336 34.283672772966092 1.6850000000000003 29.016470662477484 96.050000000000011 1982.0680000000002 28.33897326709597 0.26188786516171586 0.38999999999995622 2.2950000000000004
decision_type=2 2 2 2 2 2 2 2 2 2 2 2 2 2 2 2 2 2 2 2 2
left_child=1 9 3 7 6 -6 8 12 13 -1 11 -4 15 -3 -15 18 -11 -9 -2 20 -19
right_child=2 4 10 -5 5 -7 -8 17 -10 16 -12 -13 -14 14 -16 -17 -18 19 -20 -21 -22
leaf_value=-0.26093992208883005 -0.038460668548912148 -0.068943646898069103 -0.19711957718630882 -0.26735104036824675 -0.45747233922874331 -0.091453653399389684 -0.017536606075076504 -0.30641937159514221 -0.42422576863403016 -0.43928871832370076 0.17696796325287292 0.018627536020094759 0.0091582844278532971 -0.12483471692036283 -0.20997679772108338 -0.045744204429445032 -0.62832994280281795 -0.018039169751883688 -0.034445431783066915 0.0089695289466155109 0.0030898991897927303
leaf_weight=55 61 163 69 92 89 72 142 53 92 271 18498 1699 65 58 146 166 64 339 492 270 270
leaf_count=55 61 163 69 92 89 72 142 53 92 271 7506 1695 65 58 146 166 64 339 492 270 270
internal_value=0.00103895 -0.0285538 0.00259545 -0.00638312 -0.017488 -0.0322015 -0.013097 -0.00500666 -0.0168118 -0.0493931 0.00340618 0.000635672 -0.0090862 -0.0124045 -0.0171494 -0.0101374 -0.0529358 -0.00136417 -0.00767747 -0.000481696 -0.00197973
internal_weight=23226 1152 22074 1808 762 161 601 1716 459 390 20266 1768 784 367 204 719 335 932 553 879 609
internal_count=12230 1152 11078 1808 762 161 601 1716 459 390 9270 1764 784 367 204 719 335 932 553 879 609
is_linear=0
shrinkage=0.0749695


Tree=4
num_leaves=22
num_cat=0
split_feature=62 41 62 43 4 10 10 10 57 62 23 3 20 30 1 43 4 34 11 63 20
split_gain=146.501 49.3357 10.3789 9.24441 8.76918 7.25216 8.24028 9.36758 9.76586 6.09779 4.13651 2.38939 2.13164 1.73291 1.41841 1.31699 1.02696 0.99611 0.953597 0.890334 0.723864
threshold=26.573582131439561 24.121666666666673 29.539122231053671 23.935416666666672 1013.85 0.68389408864483059 0.82392300575755406 0.91925191855388755 1009.35 22.965159731251472 27.375000000000004 0.57850000000000013 24.093308557540716 76.350000000000009 0.57500000000000007 27.794583333333339 1013.6500000000002 0.24290799903034391 10.500000000000002 -0.7362171095538147 27.617042689330265
decision_type=2 2 2 2 2 2 2 2 2 2 2 2 2 2 2 2 2 2 2 2 2
left_child=1 3 4 -1 19 10 -7 -8 -9 -5 12 15 -3 -11 -14 -10 -4 -16 -18 -2 -19
right_child=2 5 16 9 -6 6 7 8 11 13 -12 -13 14 -15 17 -17 18 20 -20 -21 -22
leaf_value=-0.40339431502975265 -0.020378103813832957 0.0057502686112686158 0.13112107997097902 -0.54300968113396431 -0.22912484781260975 -0.39437756789883216 -0.015302447993797682 -0.041994624669202167 -0.43990895619501291 -0.32384012919400473 0.010173702296646618 -0.096874447692439553 -0.021171104693256729 -0.30548104279757038 -0.038294493950564126 -0.20594349284287647 0.15511117816389935 -0.046489908392533856 -0.12081542984226366 0.000310693536423723 -0.033580427222838667
leaf_weight=109 604 63 19213 121 88 91 188 131 93 56 186 54 111 75 60 94 155 249 92 1338 55
leaf_count=109 604 63 8249 121 88 91 188 131 93 56 186 54 111 75 60 94 123 249 92 1338 55
internal_value=0.00131005 -0.0196042 0.00301059 -0.0443628 -0.00203229 -0.012884 -0.0187991 -0.0147224 -0.0215781 -0.03407 -0.00725879 -0.0305559 -0.0106256 -0.0195772 -0.0123622 -0.035169 0.00354608 -0.0147816 -0.000679606 -0.000867855 -0.0166919
internal_weight=23226 1736 21490 361 2030 1375 651 560 372 252 724 241 538 131 475 187 19460 364 247 1942 304
internal_count=12230 1736 10494 361 2030 1375 651 560 372 252 724 241 538 131 475 187 8464 364 215 1942 304
is_linear=0
shrinkage=0.0749695


Tree=5
num_leaves=22
num_cat=0
split_feature=21 62 21 8 37 62 57 54 58 30 23 4 58 44 37 43 0 37 43 44 4
split_gain=127.078 39.8254 13.0897 5.1527 5.04947 4.9331 4.70901 4.85246 4.59095 4.24168 2.032 1.63365 1.48816 1.25701 1.23738 1.50063 0.990439 0.797998 0.833539 1.20267 1.02954
threshold=23.765000000000004 26.939051099719915 20.73 -0.37940952255126015 31.643334043732818 29.651301362498888 1009.35 0.98450000000000004 3.1350000000000002 84.050000000000011 27.565000000000001 1013.85 2.1650000000000005 4.5609235610283578 30.02166993283371 27.464375000000004 2.0150000000000001 31.976268922939315 28.765000000000004 2.3816840330028035 1007.0500000000001
decision_type=2 2 2 2 2 2 2 2 2 2 2 2 2 2 2 2 2 2 2 2 2
left_child=2 4 -1 -4 6 11 14 9 13 -8 17 -3 -11 -5 -2 -16 -9 -6 19 -19 -21
right_child=1 5 3 8 10 -7 7 16 -10 12 -12 -13 -14 -15 15 -17 -18 18 -20 20 -22
leaf_value=-0.41740278639748618 -0.026009603322922341 -0.0010354537431775607 -0.1290854846832469 -0.19369710789328731 -0.0018483590992062295 0.12013436151847513 -0.11421666834856278 0.026589175527737326 -0.48781190330529867 -0.17729466671050276 0.002984409906164099 -0.21461552015390858 -0.39645589556402139 -0.14104807724809582 -0.052576703930807704 -0.018843194761668194 -0.15915485573301599 -0.022730575971163489 -0.027801723636662338 -0.044462634715719408 -0.033838952795134804
leaf_weight=147 111 1715 67 177 65 19406 122 54 81 117 258 54 74 71 54 165 69 115 107 144 53
leaf_count=147 111 1715 67 177 65 8410 122 54 81 117 258 54 74 71 54 165 69 115 107 144 53
internal_value=0.00147465 0.00234221 -0.0342353 -0.0258762 -0.00938642 0.00318723 -0.0137719 -0.0190829 -0.0298189 -0.0241691 -0.00457877 -0.000514756 -0.0316668 -0.0227387 -0.0061 -0.00933145 -0.00443364 -0.00744918 -0.00864015 -0.0107044 -0.0145111
internal_weight=23226 22683 543 396 1508 21175 766 436 329 313 742 1769 191 248 330 219 123 484 419 312 197
internal_count=12230 11687 543 396 1508 10179 766 436 329 313 742 1769 191 248 330 219 123 484 419 312 197
is_linear=0
shrinkage=0.0749695


Tree=6
num_leaves=22
num_cat=0
split_feature=21 62 21 30 10 10 10 57 62 57 39 43 44 9 61 10 57 9 38 44 37
split_gain=102.157 30.679 13.9827 5.71778 4.48817 5.61817 4.66389 5.29517 3.68529 2.34917 2.28578 2.14243 2.02965 1.93183 1.77912 1.86487 1.77802 2.94419 1.37569 1.21834 0.92518
threshold=23.765000000000004 27.497196007322163 20.73 71.050000000000011 0.68389408864483059 0.82392300575755406 0.91925191855388755 1009.6500000000002 31.023288707547525 1012.0500000000001 25.90166666666666 28.532291666666669 3.9442315524855722 -0.96230016621822456 0.16500000000000004 -0.317191288589106 1011.2500000000001 -0.12447811117596669 4.1452949916591146 3.5053083450269242 32.805938088293146
decision_type=2 2 2 2 2 2 2 2 2 2 2 2 2 2 2 2 2 2 2 2 2
left_child=2 4 -1 -4 10 -6 -7 -8 16 19 13 -9 -11 -2 -15 18 -3 -18 -16 -5 -20
right_child=1 8 3 9 5 6 7 11 -10 12 -12 -13 -14 14 15 -17 17 -19 20 -21 -22
leaf_value=-0.38611031480364921 -0.00042966697538214136 0.0062176556078657108 -0.10525121527084824 -0.18124337615919167 -0.2799533933462694 0.00071710785397202236 -0.040088334329732293 -0.31743744094202631 0.14521232441985954 -0.46230892920686079 -0.0053837769506116491 -0.17884312029862709 -0.17288112928946323 0.0023811841024443418 0.0018004064267815897 -0.04793497976779354 -0.25930185105910036 -0.0082342517291929575 -0.022288281203713331 -0.18365882083077142 -0.015214864385953914
leaf_weight=147 143 2110 80 66 100 194 175 123 18491 72 548 55 53 87 78 101 60 136 222 125 60
leaf_count=147 143 2106 80 66 100 194 175 123 7499 72 548 55 53 87 78 101 60 136 222 125 60
internal_value=0.00161988 0.00239839 -0.0303928 -0.0219333 -0.00671878 -0.0119054 -0.00834699 -0.01346 0.0032347 -0.0264896 -0.00384227 -0.0226276 -0.0364457 -0.00670217 -0.00873302 -0.0105874 0.000322011 -0.00632687 -0.00714398 -0.0185477 -0.00959644
internal_weight=23226 22683 543 396 1886 647 547 353 20797 316 1239 178 125 691 548 461 2306 196 360 191 282
internal_count=12230 11687 543 396 1886 647 547 353 9801 316 1239 178 125 691 548 461 2302 196 360 191 282
is_linear=0
shrinkage=0.0749695


Tree=7
num_leaves=22
num_cat=0
split_feature=62 21 62 37 57 38 58 11 58 9 57 53 61 9 9 16 62 2 38 1 10
split_gain=85.7999 28.0657 12.3103 6.87125 5.27285 4.28665 4.64741 2.94216 5.26854 1.82089 1.85422 1.56287 1.2948 1.71561 6.33856 1.28296 1.26961 1.2622 1.13859 1.11637 1.27316
threshold=25.859411519185205 20.73 29.539122231053671 31.643334043732818 1009.9500000000002 5.3750519413699633 3.2650000000000001 10.500000000000002 2.7850000000000006 0.39753913293121995 1011.4500000000002 0.63450000000000017 0.16500000000000004 -0.96230016621822456 -0.94697898371965705 26.867522351151731 33.451666158423272 10.250000000000002 4.287192307601833 6.7350000000000012 -0.54160775828284857
decision_type=2 2 2 2 2 2 2 2 2 2 2 2 2 2 2 2 2 2 2 2 2
left_child=1 18 7 4 -3 6 9 12 -9 10 -6 -7 -2 -14 -15 17 -4 -16 -1 -17 -21
right_child=2 3 16 -5 5 11 -8 8 -10 -11 -12 -13 13 14 15 19 -18 -19 -20 20 -22
leaf_value=-0.33855255906931775 0.011597100516730919 -0.040286984578210998 0.025174598867980468 -0.017076144483000617 -0.078978178692400272 -0.29433436308632249 -0.38052368402484549 -0.063754871935323171 -0.27517219049613056 0.024279707277260178 -0.14954678417471634 -0.33980242837074481 0.0088931669728356984 -0.046944860009224272 -0.021486886290972632 0.003610298504523689 0.2276896376559667 0.0027972235132436023 -0.50651300231627361 -0.0043007381632132781 -0.044395938518024425
leaf_weight=75 607 239 2974 276 127 140 61 209 65 64 102 60 279 56 324 607 16486 131 59 219 66
leaf_count=75 607 239 2854 276 127 140 61 209 65 64 102 60 279 56 324 607 5610 131 59 219 66
internal_value=0.00170702 -0.0177415 0.00277998 -0.0133656 -0.0169437 -0.0211094 -0.0148806 -0.00205862 -0.00944072 -0.00986007 -0.0129639 -0.0308365 -0.00108479 -0.00220283 -0.00333022 -0.00212472 0.00342667 -0.00537683 -0.0501924 -0.000252798 -0.00425666
internal_weight=23226 1203 22023 1069 793 554 354 2563 274 293 229 200 2289 1682 1403 1347 19460 455 134 892 285
internal_count=12230 1203 11027 1069 793 554 354 2563 274 293 229 200 2289 1682 1403 1347 8464 455 134 892 285
is_linear=0
shrinkage=0.0749695


Tree=8
num_leaves=22
num_cat=0
split_feature=62 43 62 57 9 4 3 9 4 37 62 23 37 9 9 9 37 62 55 29 26
split_gain=65.3545 27.8658 10.78 6.41921 6.88958 5.30384 3.96151 3.62831 3.19599 4.07117 2.416 1.21513 1.2666 1.08918 1.62382 5.22421 1.1043 1.0265 1.03578 0.999245 0.833645
threshold=26.061781873134198 23.935416666666672 30.061105357860033 1011.6500000000002 0.39753913293121995 1013.85 0.26350000000000007 -0.05591647229452347 1010.85 27.610223417414932 25.064604648146062 27.305000000000003 29.727138008988369 -0.13301347478292289 -0.96230016621822456 -0.94697898371965705 28.432731410082472 33.451666158423272 1013.5500000000001 77.350000000000009 94.450000000000017
decision_type=2 2 2 2 2 2 2 2 2 2 2 2 2 2 2 2 2 2 2 2 2
left_child=1 -1 5 6 8 13 10 -7 -5 -10 -3 12 -8 14 -2 -16 -17 18 -4 -20 -18
right_child=2 3 17 4 -6 7 11 -9 9 -11 -12 -13 -14 -15 15 16 20 -19 19 -21 -22
leaf_value=-0.2877568914557147 0.0075220834761758294 -0.15039580496576846 0.030822742365212288 -0.11307601342983092 -0.053625967644161027 -0.1699185510604759 0.0088149364195463358 -0.070622610035043873 -0.46321719545712015 -0.38462557116659479 -0.069709132645785279 0.0032903242823854222 -0.033995181190641516 0.011212546899710688 -0.039616525019873186 -0.25357779004226794 -4.6242905484026553e-05 0.2106198629665007 0.0064923589895388061 -0.12211230485776273 -0.019267733132715844
leaf_weight=108 305 147 2550 72 116 55 120 71 78 74 74 216 322 985 69 72 796 16486 67 62 381
leaf_count=108 305 147 2434 72 116 55 120 71 78 74 74 216 322 985 69 72 796 5610 63 62 381
internal_value=0.00183934 -0.0142731 0.00282584 -0.0107747 -0.0197896 -0.00153152 -0.00702447 -0.0164204 -0.0275145 -0.034285 -0.0158997 -0.00370928 -0.00597995 -0.000724028 -0.00195775 -0.00316146 -0.00186595 0.00345692 0.00194444 -0.00406255 -0.00112864
internal_weight=23226 1327 21899 1219 340 2734 879 126 224 152 221 658 442 2608 1623 1318 1249 19165 2679 129 1177
internal_count=12230 1327 10903 1219 340 2734 879 126 224 152 221 658 442 2608 1623 1318 1249 8169 2559 125 1177
is_linear=0
shrinkage=0.0749695


Tree=9
num_leaves=22
num_cat=0
split_feature=62 23 62 58 4 9 52 20 63 30 9 9 3 23 62 52 18 25 1 60 1
split_gain=52.8368 21.8902 9.70591 5.61469 5.26471 8.36325 4.25424 2.79771 2.10714 2.73891 1.70675 1.40624 2.06909 1.06738 0.992127 1.0205 0.928737 0.901075 0.777295 1.04327 0.692911
threshold=25.927012369010249 22.165000000000003 31.023288707547525 2.9650000000000003 1013.85 -0.12447811117596669 0.59150000000000003 23.229559700071672 -2.5178855256694699 86.850000000000009 -0.49750868180287638 0.42888796625999276 0.25950000000000006 26.995000000000001 27.806029223721971 0.99650000000000005 27.363909827064962 28.805000000000003 0.47500000000000003 1.8950000000000002 4.6950000000000012
decision_type=2 2 2 2 2 2 2 2 2 2 2 2 2 2 2 2 2 2 2 2 2
left_child=1 -1 4 7 14 -6 -5 8 -3 -10 -8 12 -9 16 15 -2 -14 -4 -17 -20 -21
right_child=2 3 17 6 5 -7 10 11 9 -11 -12 -13 13 -15 -16 18 -18 -19 19 20 -22
leaf_value=-0.30666738082048411 -0.0011451064478194088 -0.03419253421338396 0.027971277542827404 -0.38005841747507702 -0.15619192538463827 -0.017603292501742675 -0.26000290711520446 -0.075643521888242443 -0.10257312580124854 -0.27772675880965997 -0.018865864089653375 0.026819971177803319 -0.017085347091607903 -0.010976384483772141 0.0072529591871877122 0.0025863514202493195 -0.03936381014338515 0.22153357565183196 -0.042201218236586659 0.0010323371387589144 -0.02789600347585517
leaf_weight=92 791 55 2043 85 56 120 53 117 88 93 57 123 72 234 2043 76 196 16455 67 108 202
leaf_count=92 791 55 1935 85 56 120 53 117 88 93 57 123 72 234 2039 76 196 5571 67 108 202
internal_value=0.00194584 -0.0129079 0.00281138 -0.00987673 -0.000788755 -0.0133047 -0.0218786 -0.00723639 -0.0146681 -0.0185371 -0.00934285 -0.00457877 -0.00610423 -0.00348946 -5.16979e-05 -0.00176825 -0.00669267 0.00349503 -0.00459532 -0.00606565 -0.00337858
internal_weight=23226 1265 21961 1173 3463 176 195 978 236 181 110 742 619 502 3287 1244 268 18498 453 377 310
internal_count=12230 1265 10965 1173 3459 176 195 978 236 181 110 742 619 502 3283 1244 268 7506 453 377 310
is_linear=0
shrinkage=0.0749695


Tree=10
num_leaves=22
num_cat=0
split_feature=62 39 20 57 9 4 10 4 9 56 3 9 62 53 55 57 40 1 24 57 10
split_gain=39.7805 17.9665 9.07418 5.13254 4.97913 5.6186 4.95762 3.25512 8.34854 1.92753 1.81792 1.78076 1.07888 0.820524 0.989682 0.789412 0.660859 0.617014 1.45554 1.15779 0.566516
threshold=25.927012369010249 20.016666666666659 32.895592442844197 1010.9500000000002 0.39753913293121995 1011.2500000000001 0.99164058729498161 1013.5500000000001 -0.12447811117596669 1012.0500000000001 0.26350000000000007 1.0000000180025095e-35 27.806029223721971 0.99750000000000016 1007.6500000000002 1009.35 0.33679852312008524 9.5150000000000023 30.015000000000004 1004.9500000000002 0.20088311396693925
decision_type=2 2 2 2 2 2 2 2 2 2 2 2 2 2 2 2 2 2 2 2 2
left_child=1 -1 7 10 5 11 9 12 -9 -7 15 -5 13 -2 -15 -3 -12 20 -19 -20 -14
right_child=2 3 -4 4 -6 6 -8 8 -10 -11 16 -13 17 14 -16 -17 -18 18 19 -21 -22
leaf_value=-0.33351011832895688 -0.0011229952619311518 -0.050966460467409158 0.15296652105499187 -0.10561725327271913 -0.021718745609773243 -0.30938547394283644 -0.093377537512859876 -0.13874225623821929 0.0018669060812030668 -0.35527711470447643 -0.025876318532001629 -0.088308487882357845 0.018058084150852693 -0.011712225648316482 -0.039362666585269074 -0.14742562623687622 0.013865867104490595 0.024659273261354888 -0.0014492525707811062 -0.026304714604531175 -0.0041679747197071156
leaf_weight=79 880 58 17372 123 140 53 65 87 189 88 301 64 1805 272 74 110 184 332 97 166 687
leaf_count=79 880 58 6428 123 140 53 65 87 185 88 301 64 1785 272 74 110 184 308 97 166 683
internal_value=0.00204266 -0.010839 0.00279432 -0.00827795 -0.013835 -0.0181551 -0.0269794 -0.000133358 -0.00800415 -0.0351061 -0.0034234 -0.00719735 0.000334681 -0.00148311 -0.00457571 -0.0101621 -0.000670779 0.00111519 -0.000860716 -0.00519954 0.00165902
internal_weight=23226 1265 21961 1186 533 393 206 4589 276 141 653 187 4313 1226 346 168 485 3087 595 263 2492
internal_count=12230 1265 10965 1186 533 393 206 4537 272 141 653 187 4265 1226 346 168 485 3039 571 263 2468
is_linear=0
shrinkage=0.0749695


Tree=11
num_leaves=22
num_cat=0
split_feature=62 39 62 4 30 3 9 43 43 37 43 25 52 4 37 4 11 9 61 9 43
split_gain=33.0575 14.4091 13.235 6.4182 14.8594 4.23479 2.29103 2.16876 2.04027 1.81572 1.57557 1.53331 1.16829 1.00854 2.22416 0.896849 0.724863 1.7052 0.98508 1.08692 0.863379
threshold=23.882393053936173 20.016666666666659 32.34599189192199 1013.7500000000001 81.250000000000014 0.43050000000000005 -0.10738035228456493 26.967291666666672 28.085000000000004 27.610223417414932 27.171041666666671 25.655000000000005 0.99850000000000005 1012.35 27.738384177085496 1007.1500000000002 9.5000000000000018 -0.2760944163666606 4.1750000000000007 0.4975086818028765 28.815208333333334
decision_type=2 2 2 2 2 2 2 2 2 2 2 2 2 2 2 2 2 2 2 2 2
left_child=1 -1 3 11 6 8 -5 9 10 -7 -3 12 13 -2 -15 -14 18 20 -13 -20 -18
right_child=2 5 -4 4 -6 7 -8 -9 -10 -11 -12 16 15 14 -16 -17 17 -19 19 -21 -22
leaf_value=-0.33161770075571984 -0.0012352501101336321 -0.3177285837795209 0.13451682032444931 -0.14387038193135523 -0.15541036844933678 -0.024369746830193301 0.0064589865129801496 0.0013150148049100269 -0.10882772982878723 -0.22428336757131878 -0.035955586123049686 0.016694190760982604 -0.028386688548974554 0.017356656695726946 -0.25215203215909049 -0.066278281172792247 0.0069148719707776861 -0.25121179296125945 0.00023243608290116392 -0.037977220222284953 -0.022695442447212808
leaf_weight=60 1019 73 17535 61 59 69 186 163 59 64 65 1940 162 54 59 56 493 64 868 61 56
leaf_count=60 1019 73 6571 61 59 69 186 163 59 64 65 1916 162 54 59 56 485 64 868 61 56
internal_value=0.00211366 -0.0158982 0.0025631 -0.000754157 -0.0112272 -0.0110226 -0.00217723 -0.00446343 -0.0197513 -0.0115341 -0.0120545 -4.68075e-05 -0.0022225 -0.00105782 -0.00771583 -0.00735789 0.000746813 -0.00145597 0.00128074 -0.000576483 0
internal_weight=23226 553 22673 5138 306 493 247 296 197 133 138 4832 1350 1132 113 218 3482 613 2869 929 549
internal_count=12230 553 11677 5106 306 493 247 296 197 133 138 4800 1350 1132 113 218 3450 605 2845 929 541
is_linear=0
shrinkage=0.0749695


Tree=12
num_leaves=22
num_cat=0
split_feature=16 21 21 16 59 10 10 37 59 8 30 56 19 1 9 28 24 10 9 38 4
split_gain=27.349 16.8546 5.18426 3.05229 3.29411 2.00283 2.89027 1.66863 1.55347 1.27713 1.16523 4.45477 0.987915 1.44965 0.813858 1.28062 0.67508 0.660837 1.85456 0.655496 0.670688
threshold=27.180035427112156 19.915000000000003 28.915000000000003 22.661079485005562 3.1350000000000002 0.69635043120606444 0.77756834408811348 27.610223417414932 4.785000000000001 0.25881904510252057 85.850000000000009 1011.6500000000002 36.467125717069429 6.0250000000000012 -0.96230016621822456 93.550000000000011 30.685000000000006 0.95989713290459411 0.030120025924939415 5.7387461077863335 1006.1500000000002
decision_type=2 2 2 2 2 2 2 2 2 2 2 2 2 2 2 2 2 2 2 2 2
left_child=1 -1 5 4 7 12 -7 -3 9 -5 -11 14 -2 -14 -12 16 -16 -8 -19 20 -18
right_child=2 3 -4 8 -6 6 17 -9 -10 10 11 -13 13 -15 15 -17 19 18 -20 -21 -22
leaf_value=-0.28486217918739504 0.023661497288977637 -0.019169483341798174 0.18194412505862229 0.00015271506712307879 -0.29390863591473404 -0.14084547635395286 0.0071132582582097443 -0.099053770914027506 -0.10709499641824104 0.00238061791653554 0.012737063080933482 -0.2385772147863113 0.0083383849439007431 -0.01537361200277847 0.00017941952544142249 -0.029775665245005054 -0.034717068951433581 -0.27108466717914603 0.041611096427167669 0.023198362156675072 -0.033504228682205088
leaf_weight=98 1906 134 16560 603 53 75 270 80 53 227 117 89 1561 614 218 71 125 67 71 53 181
leaf_count=98 1818 134 5656 603 53 75 270 80 53 227 117 89 1557 614 218 71 125 67 71 53 181
internal_value=0.00215562 -0.00596535 0.00297297 -0.00434808 -0.0120012 0.000686434 -0.00377225 -0.0065273 -0.00304863 -0.00250679 -0.00404953 -0.0053273 0.00126046 8.15311e-05 -0.00315853 -0.00428422 -0.00268319 -0.000769016 -0.00515679 -0.00469088 -0.00613703
internal_weight=23226 2102 21124 2004 267 4564 483 214 1737 1684 1081 854 4081 2175 765 648 577 408 138 359 306
internal_count=12230 2102 10128 2004 267 4472 483 214 1737 1684 1081 854 3989 2171 765 648 577 408 138 359 306
is_linear=0
shrinkage=0.0749695


Tree=13
num_leaves=22
num_cat=0
split_feature=62 39 21 4 9 10 44 62 20 5 37 60 37 19 17 10 9 44 38 4 36
split_gain=24.159 10.7649 10.3934 3.83371 8.90777 3.13824 3.55929 1.3732 1.25808 1.1325 1.04765 0.803692 1.46258 1.34721 0.851395 0.768817 0.765219 0.658322 0.588392 0.521725 0.511105
threshold=23.589140905337175 20.016666666666659 27.525000000000002 1013.7500000000001 -0.15855791680139872 0.97308229207007257 4.2626910145606933 34.417043089106635 24.535023861856867 -0.5 27.610223417414932 9.3650000000000002 32.517712142606882 38.706535381678925 27.910585167545801 -0.65187484896379921 -0.98801351631316325 2.5425736561373515 4.9543949694661427 1011.5500000000001 2.9964445696381845
decision_type=2 2 2 2 2 2 2 2 2 2 2 2 2 2 2 2 2 2 2 2 2
left_child=1 -1 3 9 -5 8 -7 16 10 11 -3 14 -13 15 17 -14 -4 -2 -12 -11 -16
right_child=2 5 7 4 -6 6 -8 -9 -10 19 18 12 13 -15 20 -17 -18 -19 -20 -21 -22
leaf_value=-0.3373575093835855 -0.019513000460081864 -0.013860402071191977 -0.048885013172504911 -0.1385157844428816 -0.012003103761993979 -0.31054329813557979 -0.062250651876383394 0.20525347371716915 0.0062462799057272636 0.015625292493065213 -0.078354128615954977 0.0036247072614471526 -0.025647577057801019 -0.012421571675774503 0.0042197258948159832 -0.036823297072925774 0.023011644154261431 -0.0051345836405444299 -0.18187349023265426 -0.020627305546115127 -0.019843573892940433
leaf_weight=59 175 53 45 95 233 53 57 15327 114 1198 56 252 102 143 1382 65 3009 326 99 311 72
leaf_count=59 175 53 45 95 233 53 57 4627 114 1198 56 252 102 143 1382 65 2717 326 99 307 72
internal_value=0.00222662 -0.0141157 0.00258941 -0.00066962 -0.00842238 -0.00930353 -0.0205922 0.00337108 -0.00472893 0 -0.00823834 -0.0010045 -0.00351695 -0.006968 -0.000186398 -0.0115645 0.00179789 -0.00290916 -0.0113045 0.00158977 0.00063374
internal_weight=23226 491 22735 4354 328 432 110 18381 322 4026 208 2517 562 310 1955 167 3054 501 155 1509 1454
internal_count=12230 491 11739 4350 328 432 110 7389 322 4022 208 2517 562 310 1955 167 2762 501 155 1505 1454
is_linear=0
shrinkage=0.0749695


Tree=14
num_leaves=22
num_cat=0
split_feature=21 21 57 38 37 43 25 26 43 52 58 59 32 57 26 3 63 10 38 43 45
split_gain=19.3492 12.2408 4.34281 4.74119 3.87233 5.72182 2.19627 1.74737 0.886253 0.721405 1.13878 1.01094 1.04214 0.677251 0.676978 0.650721 0.602525 0.96426 1.73831 0.52834 1.74169
threshold=26.635000000000002 19.915000000000003 1010.85 5.0518929441882641 26.748818325577179 27.171041666666671 29.325000000000003 84.65000000000002 28.013541666666672 0.99850000000000005 2.3050000000000002 1.8750000000000002 -0.66500000000000081 1011.35 74.15000000000002 0.056500000000000009 -0.44897164089367964 0.98927755889796032 3.8965981824667684 28.486041666666669 2235.5760000000005
decision_type=2 2 2 2 2 2 2 2 2 2 2 2 2 2 2 2 2 2 2 2 2
left_child=1 -1 9 16 -5 7 13 -6 -7 15 11 -11 -13 -2 -15 -3 17 18 -4 -17 -21
right_child=6 2 3 4 5 8 -8 -9 -10 10 -12 12 -14 14 -16 19 -18 -19 -20 20 -22
leaf_value=-0.23821469008512572 0.015282506091603061 -0.20929828053209917 -0.10405443989029137 0.014920890201022542 -0.25247050591972625 0.0099045286835228955 0.19289660486609569 -0.20554859621075419 -0.059747182457831657 -0.0096188930965264152 -0.0010225179062767014 -0.06220264946641979 -0.0070652834671655869 0.0082733216401764918 -0.17873442656217314 0.0039498709907573341 -0.00018295274259548123 0.013141049255209378 -0.021897687916382864 -0.073008357282084088 -0.00014806684800825089
leaf_weight=98 3578 98 62 54 54 60 15894 58 59 65 252 76 56 149 92 1333 254 68 143 65 658
leaf_count=98 3306 98 62 54 54 60 5186 58 59 65 252 76 56 133 92 1333 254 68 143 65 658
internal_value=0.00226212 -0.00283498 -0.00201485 -0.00680633 -0.0146585 -0.0189009 0.00317984 -0.0312241 -0.00531429 -0.000444961 -0.00317733 -0.00739946 -0.0110929 0.00148219 -0.00201589 4.58355e-05 -0.00215862 -0.00460434 -0.00733122 0.000415712 -0.00108062
internal_weight=23226 3513 3415 812 285 231 19713 112 119 2603 449 197 132 3819 241 2154 527 273 205 2056 723
internal_count=12230 3513 3415 812 285 231 8717 112 119 2603 449 197 132 3531 225 2154 527 273 205 2056 723
is_linear=0
shrinkage=0.0749695


Tree=15
num_leaves=22
num_cat=0
split_feature=16 39 51 57 9 55 32 37 10 1 9 43 4 37 57 3 9 52 58 10 9
split_gain=16.1862 6.77498 3.24193 2.84128 3.5488 5.63003 2.17149 0.994365 1.96765 0.912717 2.20481 0.841097 0.910452 1.10782 0.630055 0.616627 0.906393 0.80703 1.09487 1.32117 3.04153
threshold=28.885209998237489 20.016666666666659 3061.6370000000002 1010.9500000000002 -0.14153898451656977 1012.0500000000001 0.35500000000000048 29.469935019039884 0.87377473702374975 3.0250000000000004 -0.94697898371965705 27.078750000000003 1010.1500000000002 28.19319015124125 1011.6500000000002 0.060500000000000005 0.064507852084056461 0.99650000000000005 2.3050000000000002 -0.29258949745833546 -0.833548052892222
decision_type=2 2 2 2 2 2 2 2 2 2 2 2 2 2 2 2 2 2 2 2 2
left_child=1 -1 9 15 5 -5 -7 -6 -9 10 -2 12 -4 -14 -12 16 -3 -17 19 20 -19
right_child=2 3 11 4 7 6 -8 8 -10 -11 14 -13 13 -15 -16 17 -18 18 -20 -21 -22
leaf_value=-0.19659491796289832 -0.021699665560073335 -0.24005431488748241 0.11315123715346834 -0.030658800135323374 0.011887906544750125 -0.19482525318574692 -0.089519244666251691 -0.018014138883067021 -0.050238564869329649 -0.00087812545724716157 0.026996679223471438 0.18440214319611922 0.020380281371072236 -0.086434638487400184 -0.197047782331225 0.0019845949953373144 -0.028742882936183906 -0.027826754524884281 0.00030153357294238515 0.0014127497241962562 -0.011806952625978053
leaf_weight=98 100 56 322 200 295 101 54 115 53 1496 2871 15048 109 83 82 1369 55 56 412 92 159
leaf_count=98 100 56 198 200 295 101 54 111 53 1452 2511 4612 109 55 82 1369 55 56 412 92 159
internal_value=0.0022589 -0.00273762 0.003042 -0.00202966 -0.0058164 -0.0114808 -0.0221975 -0.00104006 -0.00578547 0.0012198 0.00196896 0.00356282 0.00019115 -0.00346219 0.00239059 -0.000533395 -0.00594864 -0.000151242 -0.0022491 -0.00562196 -0.00888426
internal_weight=23226 3115 20111 3017 818 355 155 463 168 4549 3053 15562 514 192 2953 2199 111 2088 719 307 215
internal_count=12230 3111 9119 3013 814 355 155 459 164 4145 2693 4974 362 164 2593 2199 111 2088 719 307 215
is_linear=0
shrinkage=0.0749695


Tree=16
num_leaves=22
num_cat=0
split_feature=62 21 62 38 4 30 61 0 26 37 37 63 43 38 38 53 36 38 36 38 59
split_gain=13.6093 9.2776 2.85564 2.15562 1.58377 5.41427 1.1074 1.24205 1.05806 1.04506 1.48558 1.42864 1.40036 1.43022 2.8551 0.929098 0.838637 0.826915 1.23127 0.602277 0.508537
threshold=34.673315225271246 19.915000000000003 23.882393053936173 5.4430130243982493 1013.4500000000002 78.850000000000009 0.51500000000000012 2.0950000000000002 91.15000000000002 32.660478795817916 34.207246146809084 3.4853830855320678 28.369375000000005 4.0901273884574056 4.5304441689314245 0.25950000000000006 1.7286578751372448 3.6373622925833056 0.83390170950055098 2.9235175112420282 2.1650000000000005
decision_type=2 2 2 2 2 2 2 2 2 2 2 2 2 2 2 2 2 2 2 2 2
left_child=1 -1 3 15 6 -6 17 9 20 -8 11 12 -11 -14 -15 -3 -16 18 -4 -12 -5
right_child=-2 2 4 8 5 -7 7 -9 -10 10 19 -13 13 14 16 -17 -18 -19 -20 -21 -22
leaf_value=-0.20561723805083773 0.17282522816846005 -0.21691054928987838 -0.068790893963617331 -0.037423718180741063 -0.0038393550798794681 -0.11231302836905903 0.0003278838682793499 0.0033743259027211613 -0.1416262282097569 -0.0089313329807981217 -0.11702913043487322 0.052499181332116979 -0.013505723489515981 -0.042984104370339546 -0.068932282213471141 0.0065021327943644413 0.008021837020166598 0.018179324650822878 -0.0064060446086057652 0.010944301136892551 -0.20045542173065711
leaf_weight=98 15206 67 60 53 351 76 604 2358 61 114 60 77 80 93 72 242 58 2990 121 324 61
leaf_count=98 4530 67 60 53 347 76 592 2342 61 110 60 73 80 93 72 242 58 2714 121 320 61
internal_value=0.0022944 -0.000183319 8.24771e-05 -0.00544915 0.000468669 -0.00387988 0.000760661 -5.10865e-05 -0.0121389 -0.0017928 -0.00346386 -0.00616873 -0.00798561 -0.0106396 -0.0137383 -0.0010008 -0.00456639 0.00179893 -0.0026722 0 -0.0165663
internal_weight=23226 8020 7922 484 7438 427 7011 3840 175 1482 878 494 417 303 223 309 130 3171 181 384 114
internal_count=12230 7700 7602 484 7118 423 6695 3800 175 1458 866 486 413 303 223 309 130 2895 181 380 114
is_linear=0
shrinkage=0.0749695


Tree=17
num_leaves=22
num_cat=0
split_feature=62 62 55 9 4 30 4 9 9 9 44 19 21 25 37 44 63 37 10 1 62
split_gain=12.4765 6.14392 5.17502 5.40745 2.09311 4.61022 2.12756 1.46338 1.2616 1.02693 1.01373 1.30361 1.28861 0.761667 0.732803 1.41099 1.55545 0.714955 1.32225 0.763314 0.63953
threshold=34.673315225271246 22.965159731251472 1011.35 -0.10738035228456493 1012.5500000000001 81.250000000000014 1013.85 -0.12447811117596669 -0.19244979981841004 -0.2760944163666606 2.780650777580409 38.245259978424862 25.925000000000004 25.185000000000006 28.581998471332906 4.2273754884346575 -1.1603265822937485 33.271854054860896 -0.12447465306484827 12.770000000000001 36.030490009272008
decision_type=2 2 2 2 2 2 2 2 2 2 2 2 2 2 2 2 2 2 2 2 2
left_child=1 2 9 -4 10 7 13 8 -6 -1 11 17 -13 -7 15 16 -12 -3 19 -19 -2
right_child=20 4 3 -5 5 6 -8 -9 -10 -11 14 12 -14 -15 -16 -17 -18 18 -20 -21 -22
leaf_value=0.0078392734006040229 0.032012647108746441 0.0037026294184298505 -0.26149717527836513 -0.046920859616186576 -0.077087880724505342 -0.18191581054199821 -0.1088556893718254 0.024706127246996001 -0.11909327142254156 -0.046392195717520603 0.0061727127492358005 -0.024369771886682486 -0.0074169958416609484 -0.060501970355176411 0.014346571599729777 0.037726643835919962 -0.17191138066216816 0.012101265921598195 -0.038871043654489727 -0.065787820209544351 0.20546486637623113
leaf_weight=156 1327 2064 75 59 93 54 63 469 55 78 66 100 453 64 3419 177 80 333 79 83 13879
leaf_count=156 903 1988 75 59 89 54 63 453 55 78 66 100 453 64 3203 177 80 333 71 83 3627
internal_value=0.00227181 -9.92231e-05 -0.00953417 -0.0212517 0.000335112 -0.00324832 -0.0136556 0 -0.00655027 -0.00187 0.000779716 -0.000168911 -0.00349973 -0.00538901 0.00161575 -0.00148631 -0.0071904 0.000484786 -0.00193616 0 0.00353383
internal_weight=23226 8020 368 134 7652 798 181 617 148 234 6854 3112 553 118 3742 323 146 2559 495 416 15206
internal_count=12230 7700 368 134 7332 778 181 597 144 234 6554 3028 553 118 3526 323 146 2475 487 416 4530
is_linear=0
shrinkage=0.0749695


Tree=18
num_leaves=22
num_cat=0
split_feature=62 62 55 9 9 4 43 57 31 44 44 60 58 9 9 1 9 9 44 9 59
split_gain=11.1424 5.38102 3.29409 4.75566 1.85353 4.95842 3.90604 1.59676 1.34636 0.993357 1.75528 2.17153 1.54519 1.28394 0.961289 0.886514 1.37009 2.56374 0.831516 0.52961 0.833651
threshold=36.044492534560213 22.965159731251472 1011.35 -0.14153898451656977 -0.13301347478292289 1013.6500000000002 22.26604166666667 1013.6500000000002 -0.32719752181601786 2.3956944121942398 2.5425736561373515 0.7350000000000001 3.0250000000000004 -0.20931270765420754 -0.2760944163666606 5.0550000000000006 0.4975086818028765 0.58429276287313725 2.4671016158502188 -0.86958133671945925 1.6850000000000003
decision_type=2 2 2 2 2 2 2 2 2 2 2 2 2 2 2 2 2 2 2 2 2
left_child=1 2 14 -4 5 7 -7 8 9 -3 11 -11 18 -12 -1 -6 -17 -18 -13 20 -10
right_child=-2 4 3 -5 15 6 -8 -9 19 10 13 12 -14 -15 -16 16 17 -19 -20 -21 -22
leaf_value=0.0072515671173712494 0.19308361519679298 0.0026949745135417219 -0.25593449170859295 -0.036502033960933898 0.02247268236420976 -0.00472946351374306 -0.097871145565923315 -0.1274580095994079 -0.019696138392228436 0.0057342354265603815 0.00023584181145457463 -0.032092087541617562 -0.0043042405278702666 -0.19891033078045622 -0.042914196734342394 0.010899756947607737 -0.11141615114263799 -0.0069833048850637654 -0.092074384774333551 0.048815699365217451 0.036892600181335326
leaf_weight=156 13819 1204 65 69 3865 61 91 66 121 108 1406 95 57 64 78 319 61 173 118 988 242
leaf_count=156 3575 1192 65 69 3501 61 91 58 113 104 1370 95 57 64 78 319 61 173 118 692 218
internal_value=0.00229762 0.000286556 -0.0085246 -0.0179754 0.000667996 -0.000349678 -0.0135264 6.82082e-05 0.00028531 -0.000540291 -0.00166919 -0.00623653 -0.00990808 -0.000362252 -0.00218594 0.00177227 -0.00080441 -0.00534528 -0.0128138 0.00227898 0
internal_weight=23226 9407 368 134 9039 4621 152 4469 4403 3052 1848 378 270 1470 234 4418 553 234 213 1351 363
internal_count=12230 8655 368 134 8287 4233 152 4081 4023 3000 1808 374 270 1434 234 4054 553 234 213 1023 331
is_linear=0
shrinkage=0.0749695


Tree=19
num_leaves=22
num_cat=0
split_feature=62 62 4 9 9 10 4 50 1 10 63 10 10 43 9 1 26 43 43 23 9
split_gain=9.8715 4.04734 2.63189 3.11371 1.43001 4.66728 2.47577 0.810658 0.779765 1.28338 2.29105 0.66837 1.3264 3.63154 0.656757 0.517033 0.814677 0.51661 0.674243 0.783544 0.763534
threshold=36.044492534560213 23.112542859080101 1011.35 -0.12447811117596669 -0.15005400879207767 0.97690230611205509 1013.85 1.0000000180025095e-35 0.015000000000000001 0.69635043120606444 2.7147398586310048 0.50494235051780223 0.30080866500414788 28.319791666666674 -0.2760944163666606 5.955000000000001 92.15000000000002 28.840625000000006 28.066458333333337 26.525000000000002 -0.58429276287313725
decision_type=2 2 2 2 2 2 2 2 2 2 2 2 2 2 2 2 2 2 2 2 2
left_child=1 2 14 -4 5 6 8 15 -3 11 -11 12 17 -14 -1 -6 -17 18 -10 -20 -21
right_child=-2 4 3 -5 7 -7 -8 -9 9 10 -12 -13 13 -15 -16 16 -18 -19 19 20 -22
leaf_value=0.01279253684853799 0.17860823616080523 0.026398136342262703 -0.17796388816486919 -0.021135849548843059 0.0052053476429229561 -0.15356526529636111 -0.075825232390758279 0.032519385631874544 0.0043434576876908403 -0.14523023869821061 0.0034055375448353389 0.05827021803084536 -0.001716532703687153 -0.045737424086747677 -0.040085831991979341 -0.11194153563121598 -0.001288130895857429 0.031313212821044857 0.01137704879663725 -0.0024793331254498946 -0.030470058365453096
leaf_weight=165 13819 638 105 86 1418 68 85 2812 1226 77 89 423 164 55 74 61 160 362 339 719 281
leaf_count=165 3575 554 105 86 1346 68 85 2520 1206 69 61 235 164 55 74 61 160 342 327 691 281
internal_value=0.00233313 0.000437924 -0.00659542 -0.0131457 0.000796996 -0.000104592 0.00015996 0.00175325 0.000450008 0 -0.00634094 0.000337229 0 -0.00562166 -0.000516396 0.000299867 -0.00286414 0.00038297 0 -0.0011544 -0.00228795
internal_weight=23226 9407 430 191 8977 4526 4458 4451 4373 3735 166 3569 3146 219 239 1639 221 2927 2565 1339 1000
internal_count=12230 8655 430 191 8225 4138 4070 4087 3985 3431 130 3301 3066 219 239 1567 221 2847 2505 1299 972
is_linear=0
shrinkage=0.0749695


Tree=20
num_leaves=22
num_cat=0
split_feature=21 57 38 63 21 21 32 63 30 0 60 61 59 3 37 30 0 30 24 4 38
split_gain=8.97311 3.90857 3.86824 4.80369 1.51177 1.01135 0.559844 0.626822 1.12272 0.510244 0.682996 1.44369 1.3022 1.58708 0.506568 0.493451 0.381146 1.04672 0.371989 0.366739 0.572363
threshold=29.915000000000003 1011.6500000000002 5.1150895358215589 -0.42421394078058222 19.915000000000003 26.295000000000005 -1.7149999999999996 -2.5178855256694699 84.850000000000009 2.3550000000000004 4.2950000000000008 17.870000000000001 1.8950000000000002 0.99250000000000005 26.979048636064768 71.350000000000009 2.7650000000000001 77.65000000000002 24.555000000000003 1004.0500000000001 4.3557937051097921
decision_type=2 2 2 2 2 2 2 2 2 2 2 2 2 2 2 2 2 2 2 2 2
left_child=1 5 4 14 -3 6 7 -1 -9 10 -8 12 -12 -14 -4 -2 -6 -18 -17 20 -7
right_child=15 2 3 -5 16 19 9 8 -10 -11 11 -13 13 -15 -16 18 17 -19 -20 -21 -22
leaf_value=0.00048560712617112649 0.19081924072023507 -0.067588312964417419 0.01610190945227814 -0.16436354309257598 0.022406866760121342 -0.076221937325937988 0.00023571653767031898 -0.032949970708558166 -0.21582701641284227 0.0034831398650557134 -0.010262654069305068 0.0085326468320318909 -0.0047256386772837654 -0.02027432655277683 -0.18457442695088772 -0.037570501614069926 0.012157504978583004 -0.060678945711291003 0.048092993396081682 0.011677265940963553 0.029296259848859859
leaf_weight=64 13023 79 68 101 274 142 767 81 63 997 118 121 53 104 58 120 218 87 1929 4642 117
leaf_count=64 3707 79 68 101 258 126 767 81 63 997 118 121 53 104 58 80 218 87 857 4138 85
internal_value=0.00235249 0.000324598 -0.00433539 -0.0127835 -0.00110182 0.000918205 -0.000291461 -0.00398061 -0.00682995 0 -0.000994345 -0.00353335 -0.00669943 -0.0111167 -0.00134461 0.00343743 0 -0.00154877 0.00212124 0.00153888 -0.000762843
internal_weight=23226 8154 885 227 658 7269 2368 208 144 2160 1163 396 275 157 126 15072 579 305 2049 4901 259
internal_count=12230 7586 869 227 642 6717 2368 208 144 2160 1163 396 275 157 126 4644 563 305 937 4349 211
is_linear=0
shrinkage=0.0749695


Tree=21
num_leaves=22
num_cat=0
split_feature=62 62 57 9 56 44 38 9 0 10 44 10 60 38 21 54 59 54 45 38 43
split_gain=8.54856 2.80921 1.94623 2.68091 2.89977 1.38927 2.11576 6.85259 1.12554 0.927067 1.17609 3.1336 2.81145 1.74227 0.61634 0.542243 0.832103 0.540274 0.793023 0.539167 0.866837
threshold=36.334759039210276 23.112542859080101 1011.6500000000002 -0.14153898451656977 1012.0500000000001 2.6712623554351209 4.9975694764751388 -0.71466676797886819 2.4550000000000005 0.49001051533419943 2.3885825753196657 -0.66483077113278999 1.1150000000000004 4.4719227493442935 26.555000000000003 0.20350000000000004 2.6350000000000002 0.99550000000000016 2366.4995000000004 3.770020404283811 31.595833333333335
decision_type=2 2 2 2 2 2 2 2 2 2 2 2 2 2 2 2 2 2 2 2 2
left_child=1 2 -1 4 -4 6 8 -8 9 10 17 -12 -13 -14 15 16 -7 -3 -19 20 -16
right_child=-2 5 3 -5 -6 14 7 -9 -10 -11 11 12 13 -15 19 -17 -18 18 -20 -21 -22
leaf_value=-0.0024570671801212363 0.16601793864252071 0.0038856188985225588 -0.1371896184041311 -0.0015661683273310749 -0.21658871678658748 0.0013771859843033198 0.0039313436720478743 -0.092275204807190647 0.0086633466217799181 0.062286027373153106 -0.0015973225926259674 0.0013840446666581717 -0.086810273354276032 -0.032886085288010819 0.033770459229670306 0.0028052808588557164 -0.12590541547858058 -0.018912661087447914 -0.0063154337055310655 0.028268960716397808 -0.039010558937392435
leaf_weight=205 13382 731 59 106 60 220 227 112 1359 268 352 57 87 54 318 1204 107 86 223 3725 284
leaf_count=205 3330 703 59 106 60 220 207 88 1271 168 332 57 87 54 290 1204 107 82 223 3141 236
internal_value=0.0023299 0.000630518 -0.00521124 -0.00997286 -0.0175748 0.000918035 -0.000206817 -0.00584105 0.000336842 -0.000794242 -0.00155835 -0.00435201 -0.0118133 -0.0174411 0.00163104 0.000203705 -0.00233082 0 -0.00268122 0.00209431 0
internal_weight=23226 9844 430 225 119 9414 3556 339 3217 1858 1590 550 198 141 5858 1531 327 1040 309 4327 602
internal_count=12230 8900 430 225 119 8470 3272 295 2977 1706 1538 530 198 141 5198 1531 327 1008 305 3667 526
is_linear=0
shrinkage=0.0749695


Tree=22
num_leaves=22
num_cat=0
split_feature=2 57 38 44 10 16 20 1 28 43 10 57 26 10 40 20 10 25 38 0 0
split_gain=7.70936 2.02246 1.81131 1.37845 1.33112 1.18145 0.767312 0.59469 0.947177 0.956881 2.30693 0.535266 0.568442 0.559933 0.486558 0.532793 0.455023 0.44594 0.457964 0.530535 0.727423
threshold=79.600000000000009 1012.4500000000002 5.1410329673178117 3.7540315377795626 0.95989713290459411 34.269070453294852 22.373786933702565 1.7350000000000001 92.65000000000002 29.941458333333333 -0.76107606668641947 1006.1500000000002 96.350000000000009 -0.27608674622158907 0.19043807131913829 30.538576614553165 0.92589048012183106 30.215000000000003 4.8533104442852641 1.9350000000000003 3.0250000000000004
decision_type=2 2 2 2 2 2 2 2 2 2 2 2 2 2 2 2 2 2 2 2 2
left_child=1 3 6 4 7 -2 -3 -1 9 17 -11 -10 13 -13 15 -5 -16 18 -9 -20 -21
right_child=5 2 -4 14 -6 -7 -8 8 11 10 -12 12 -14 -15 16 -17 -18 -19 19 20 -22
leaf_value=0.0040428412476818274 0.020417495168070118 -0.060728900550529062 -0.16384044297571354 -0.089902124458518987 -0.12633997849259684 0.1526964683385317 0.00015534877294638125 0.0051251688210532916 0.0016797167805600256 -0.086364292759718894 -0.0005957452130759608 -0.017471916383609488 -0.0096880651061300831 -0.0063720731580915622 0.046450466670144797 0.022443926993564615 -0.0014347828263287803 -0.032935680288259508 0.018032190305195674 -0.015194220781791445 -0.00041026428492395967
leaf_weight=1977 1818 79 87 57 81 13921 270 1462 85 97 238 121 94 54 1749 110 310 62 147 264 143
leaf_count=1861 1638 79 87 57 81 3765 270 1410 85 85 150 121 94 54 1397 106 310 42 143 256 139
internal_value=0.00231699 0.000309965 -0.00457689 0.000639445 -3.67828e-05 0.00326012 -0.00152558 9.18931e-05 -0.000575578 0 -0.00373833 -0.00417951 -0.00582835 -0.00835454 0.00218318 -0.000998869 0.002529 0.000559002 0.000832339 -0.00079624 -0.00242452
internal_weight=23226 7487 436 7051 4825 15739 349 4744 2767 2413 335 354 269 175 2226 167 2059 2078 2016 554 407
internal_count=12230 6827 436 6391 4521 5403 349 4440 2579 2225 235 354 269 175 1870 163 1707 1990 1948 538 395
is_linear=0
shrinkage=0.0749695


Tree=23
num_leaves=22
num_cat=0
split_feature=62 9 4 9 9 9 9 9 54 1 57 2 58 57 43 59 43 9 43 43 9
split_gain=7.14523 1.71453 2.32579 2.76198 4.97186 2.0344 8.32138 1.6316 2.74324 1.07285 0.826204 0.851059 0.63536 0.614281 0.56964 0.551606 0.537606 0.424848 0.394284 0.643513 0.903463
threshold=36.811114480798615 0.1670500785599974 1012.0500000000001 -0.14153898451656977 -0.19244979981841004 -0.67760851415498069 -0.71466676797886819 0.12447811117596704 0.89050000000000018 2.3950000000000005 1013.7500000000001 106.75000000000001 1.0250000000000001 1004.7500000000001 31.595833333333335 1.8050000000000004 35.464791666666677 -0.91585580712236336 28.934791666666673 28.066458333333337 -0.84293373149377071
decision_type=2 2 2 2 2 2 2 2 2 2 2 2 2 2 2 2 2 2 2 2 2
left_child=1 2 7 4 5 6 -4 10 -9 16 11 13 -2 -1 15 -11 -3 -13 19 -15 -21
right_child=12 9 3 -5 -6 -7 -8 8 -10 14 -12 17 -14 18 -16 -17 -18 -19 -20 20 -22
leaf_value=0.0063014311517466332 -0.0098191543284880233 0.033330071785602544 0.01468462512877175 0.013704363467925865 -0.17181000658723586 0.014942144630755211 -0.12793789961361343 0.0073313205760702641 -0.059144843211158954 -0.079026512429212631 -0.075887383980913131 -0.0018946648989030272 0.15037062997385361 0.0017005226465940529 -0.0848188619376921 0.0092406888908572182 -0.037263293425539606 0.0404935040519286 0.007753350396464135 -0.011747659953689637 -0.0019036395533801936
leaf_weight=678 228 3276 125 227 61 200 63 72 75 89 63 280 12905 1306 85 470 78 1224 363 424 934
leaf_count=670 76 2760 109 227 61 200 63 60 75 89 55 248 3133 1282 81 438 46 900 343 412 902
internal_value=0.00227503 0.000751967 -1.06823e-05 -0.00417384 -0.00765268 -0.00387382 -0.00949157 0.000477956 -0.00711761 0.0019583 0.000727895 0.000863984 0.00343147 0.000199518 -0.000627621 0 0.00250812 0.00237841 -0.000204574 -0.000573914 -0.00174683
internal_weight=23226 10093 6095 676 449 388 188 5419 147 3998 5272 5209 13133 3705 644 559 3354 1504 3027 2664 1358
internal_count=12230 9021 5607 660 433 372 172 4947 135 3414 4812 4757 3209 3609 608 527 2806 1148 2939 2596 1314
is_linear=0
shrinkage=0.0749695


Tree=24
num_leaves=22
num_cat=0
split_feature=30 10 9 59 21 2 25 53 56 59 40 38 45 45 61 9 9 10 9 20 10
split_gain=6.57798 2.81279 13.3101 1.42472 0.838994 0.791059 1.0853 0.853318 0.748312 0.564028 0.516342 0.506919 0.469065 1.19118 0.492157 0.633599 2.34745 1.31675 0.425961 0.423973 0.416806
threshold=70.050000000000011 0.69635043120606444 -0.67760851415498069 4.035000000000001 29.765000000000004 106.75000000000001 30.395000000000003 0.98150000000000015 1005.2500000000001 1.5450000000000002 0.30005555041568094 3.7288975033270959 2235.5760000000005 2196.0760000000005 2.4750000000000005 -0.97505550290239429 -0.94697898371965705 -0.27608674622158907 -0.86958133671945925 22.661079485005562 0.98043284291745803
decision_type=2 2 2 2 2 2 2 2 2 2 2 2 2 2 2 2 2 2 2 2 2
left_child=4 5 -3 10 -1 6 7 11 -8 -7 19 -2 13 -9 -14 -16 17 -17 -6 -4 -12
right_child=1 2 3 -5 18 9 8 12 -10 -11 20 -13 14 -15 15 16 -18 -19 -20 -21 -22
leaf_value=0.011209692295281116 -0.0072572982846157829 -0.096201481424021448 -0.0771903550573209 -0.12041232630564949 0.013121783275338391 -0.0054457136840593279 -0.029397980272427529 0.002533603044744575 -0.018622585156258614 0.039415280029734046 0.0070802160245270508 0.02104120571658814 0.0036234390645320138 -0.055505150804010903 0.020546680647694927 -0.031225172657200827 -0.00016591210682848672 -0.0044455615353632613 0.15841939873525199 -0.0044960376392513997 -0.019202077542241888
leaf_weight=1009 383 71 76 85 648 352 102 166 115 2306 662 1663 1180 73 281 65 1399 69 12173 113 235
leaf_count=789 331 71 76 85 216 248 70 134 59 1214 654 1487 1164 69 281 65 1387 69 3417 109 235
internal_value=0.00226858 0.000713212 -0.00255974 -0.000451297 0.00331196 0.00123446 0.000673707 0.000916401 -0.00434547 0.00232458 0.000132069 0.00211885 9.88911e-05 -0.00299172 0.000408176 -0.00028543 -0.000974463 -0.0103307 0.00348222 -0.00318482 0.00103832
internal_weight=23226 9396 1242 1171 13830 8154 5496 5279 217 2658 1086 2046 3233 239 2994 1814 1533 134 12821 189 897
internal_count=12230 7808 1230 1159 4422 6578 5116 4987 129 1462 1074 1818 3169 203 2966 1802 1521 134 3633 185 889
is_linear=0
shrinkage=0.0749695


Tree=25
num_leaves=22
num_cat=0
split_feature=62 11 10 10 57 44 10 18 1 37 56 0 44 21 54 57 26 52 0 10 55
split_gain=6.17074 1.49246 1.54281 9.91269 1.3149 1.92136 1.10341 1.63542 0.662787 1.11531 0.999969 0.828717 1.25835 0.720601 0.640479 0.637441 0.668343 0.457823 0.399746 0.620406 0.432324
threshold=37.67045672492582 7.5000000000000009 0.97690230611205509 0.98662138620987927 1013.4500000000002 3.2052886550670592 -0.8140159405215136 35.345249330620732 2.3950000000000005 33.827246643053435 1004.0500000000001 1.7450000000000003 2.5425736561373515 26.405000000000005 0.98950000000000016 1007.2500000000001 76.850000000000009 0.99850000000000005 1.0250000000000001 0.51972456038539816 1013.35
decision_type=2 2 2 2 2 2 2 2 2 2 2 2 2 2 2 2 2 2 2 2 2
left_child=1 8 4 -4 6 -6 7 -3 13 -10 -11 12 -12 -1 17 -16 -17 18 19 -8 -20
right_child=-2 2 3 -5 5 -7 14 -9 9 10 11 -13 -14 -15 15 16 -18 -19 20 -21 -22
leaf_value=7.0909652435930743e-05 0.15352182006375339 -0.02228535840168239 -0.14852083510626735 0.016524560489012557 -0.062691790258915359 0.013866623181105264 -0.023805373446269536 -0.14576747374204804 0.011167934392827849 -0.054834790001348034 -0.071248360724865775 0.0020018354983908533 0.0024219524893660041 0.034249877350510709 0.0038724189130656815 -0.061248474613973959 -0.003641275563086062 -0.011592840106499188 0.018582986520227829 0.011526475842760798 -0.061243149358594436
leaf_weight=915 11184 133 72 240 65 65 89 69 1125 81 61 604 54 4141 862 112 707 120 2306 155 66
leaf_count=915 2432 133 72 240 53 65 89 65 877 77 61 524 46 3037 738 72 667 116 1794 95 62
internal_value=0.00225567 0.00105632 3.95099e-05 -0.00499781 0.000411249 -0.00681614 0.000657992 -0.00457168 0.00176756 0.000461449 -0.00155101 -0.000380813 -0.00625449 0.00222893 0.00094077 -0.000114346 -0.00170207 0.00165356 0.00190104 -0.000430166 0.00221626
internal_weight=23226 12042 5061 312 4749 130 4619 202 6981 1925 800 719 115 5056 4417 1681 819 2736 2616 244 2372
internal_count=12230 9798 4261 312 3949 118 3831 198 5537 1585 708 631 107 3952 3633 1477 739 2156 2040 184 1856
is_linear=0
shrinkage=0.0749695


Tree=26
num_leaves=22
num_cat=0
split_feature=51 9 9 54 9 10 27 38 19 20 2 56 43 38 4 60 50 53 57 0 9
split_gain=5.96823 2.02967 1.27868 0.757167 1.83561 2.99565 0.647314 0.631367 1.81538 0.580468 1.25014 0.896283 0.693131 0.678899 1.03411 2.12387 0.535448 0.418284 0.416695 0.420367 0.409168
threshold=10474.726500000002 0.66484924122790601 -0.99052327954040364 0.17450000000000002 -0.15855791680139872 0.95989713290459411 74.950000000000017 3.3750740977723099 39.728824608004246 36.728916763573039 67.550000000000011 1005.1500000000002 31.467500000000005 4.9975694764751388 1011.5500000000001 1.0000000180025095e-35 1.6500000000001898 0.99950000000000017 1006.5500000000001 2.0350000000000006 -0.15855791680139872
decision_type=2 2 2 2 2 2 2 2 2 2 2 2 2 2 2 2 2 2 2 2 2
left_child=1 3 6 4 5 -1 -2 8 -3 12 11 -11 13 16 -15 -16 17 -5 -19 -20 -4
right_child=2 7 20 9 -6 -7 -8 -9 -10 10 -12 -13 -14 14 15 -17 -18 18 19 -21 -22
leaf_value=0.029585974141825334 -0.031599093995589071 0.038746174292964237 0.076792152685254786 0.001217052322005138 -0.00026804962718519193 -0.13589434725093349 -0.00028095889334909602 0.087823421633152807 -0.055941966064772662 -0.044387637514359667 0.0069311155472418255 -0.01495992750769129 -0.075427466644720415 -2.4544023182201168e-05 -0.0067014529141657146 -0.089786338700417898 0.011685490458136931 0.0014838478765512432 -0.014906854044330032 -0.0058978188409777917 0.18092169900105098
leaf_weight=71 65 484 4158 1467 364 76 153 2175 107 121 480 86 104 1503 145 75 2547 68 88 69 8820
leaf_count=71 29 228 1530 1467 360 76 77 1523 103 93 232 50 100 1451 145 75 2331 68 88 69 2064
internal_value=0.00218789 0.000785456 0.00323987 0.000101292 -0.00263394 -0.00961171 -0.00193745 0.00251547 2.1312e-05 0.000335872 -0.00165829 -0.00651285 0.000591907 0.000725389 -0.000454645 -0.00524395 0.00124709 9.81264e-05 -0.00274828 -0.00503663 0.00334106
internal_weight=23226 10030 13196 7264 511 147 218 2766 591 6753 687 207 6066 5962 1723 220 4239 1692 225 157 12978
internal_count=12230 8530 3700 6676 507 147 106 1854 331 6169 375 143 5794 5694 1671 220 4023 1692 225 157 3594
is_linear=0
shrinkage=0.0749695


Tree=27
num_leaves=22
num_cat=0
split_feature=62 30 4 38 45 10 44 9 41 10 38 43 43 26 10 31 38 57 9 39 44
split_gain=5.81201 1.30302 1.10456 1.49302 3.45809 0.809709 0.731908 0.706439 1.38766 1.59961 0.788574 0.997707 1.86462 0.784861 2.14157 1.29153 0.746338 0.981642 0.623959 1.04107 0.574057
threshold=37.67045672492582 67.850000000000009 1012.1500000000002 4.7607511979890091 2250.8220000000006 0.97690230611205509 2.4459486980285665 -0.84293373149377071 31.27833333333334 -0.29258949745833546 3.770020404283811 31.595833333333335 32.435625000000009 94.950000000000017 -0.27608674622158907 -1.6595861831304484 4.8452046526607342 1012.5500000000001 -0.86958133671945925 31.859999999999992 2.5425736561373515
decision_type=2 2 2 2 2 2 2 2 2 2 2 2 2 2 2 2 2 2 2 2 2
left_child=1 6 7 -4 5 -5 -1 8 13 -10 11 20 -13 -3 15 -15 -12 -18 19 -2 -9
right_child=18 2 3 4 -6 -7 -8 10 9 -11 16 12 -14 14 -16 -17 17 -19 -20 -21 -22
leaf_value=-0.019608022169673379 0.062628363286078098 0.0036108519968837721 0.0016410982587338626 0.0038372540242917813 -0.11204495452742491 -0.12951329301887948 0.057419609758185476 -0.0028187172890247036 -0.002298882301492233 -0.051883277415589651 0.014145128294696416 -0.086814611880296336 -0.028933871081394672 -0.029028800833519219 0.00041546214445082903 -0.018560926500431701 0.0020351049983673205 -0.093131380935196351 0.14719376956960425 -0.027807803437419881 0.031117873952747389
leaf_weight=186 814 1442 388 169 55 88 3025 772 110 85 2923 61 120 71 297 54 1731 63 10204 166 402
leaf_count=90 246 1190 376 165 55 88 1877 708 58 65 2531 61 104 71 297 54 1619 59 2128 58 330
internal_value=0.00214594 0.000981637 0.000485147 -0.00230453 -0.00618669 -0.00166156 0.00228967 0.000748091 -0.000387842 -0.00637768 0.00116267 -0.000323929 -0.00551975 0.000153326 -0.00255935 -0.010734 0.00162745 0.000305291 0.00338295 0.00126708 0.000338708
internal_weight=23226 12042 8831 700 312 257 3211 8131 2059 195 6072 1355 181 1864 422 125 4717 1794 11184 980 1174
internal_count=12230 9798 7831 684 308 253 1967 7147 1735 123 5412 1203 165 1612 422 125 4209 1678 2432 304 1038
is_linear=0
shrinkage=0.0749695


Tree=28
num_leaves=22
num_cat=0
split_feature=62 62 9 37 1 63 43 55 0 38 38 37 44 59 37 38 0 53 63 20 63
split_gain=5.83727 1.19307 1.30574 2.96311 0.874661 0.88371 1.27718 1.3902 1.24968 0.917981 3.24136 0.638343 1.39837 0.625225 0.537253 0.648559 0.387134 0.446104 0.382335 0.911759 1.1459
threshold=37.67045672492582 30.061105357860033 -0.99273952934267318 31.946685671926392 1.2650000000000003 1.5883317098973466 28.784375000000001 1005.85 1.8750000000000002 3.9313822724244543 3.3396367428168041 30.394324368831036 2.0917148054944326 1.2150000000000001 40.678318281796528 4.8452046526607342 3.9350000000000005 0.13750000000000004 -2.1565724992702289 22.661079485005562 1.1364529668348313
decision_type=2 2 2 2 2 2 2 2 2 2 2 2 2 2 2 2 2 2 2 2 2
left_child=1 18 3 -3 14 6 11 9 -9 10 -8 12 -6 -2 15 -4 -17 -18 -1 20 -20
right_child=13 2 4 -5 5 -7 7 8 -10 -11 -12 -13 -14 -15 -16 16 17 -19 19 -21 -22
leaf_value=0.0072317624237458094 -0.007368337596566874 0.001061552190652639 0.052084478673802594 -0.060493187681477774 0.024193788715714221 0.029025691587142806 -0.010329766072035215 -0.064949318880375959 0.0072737648843021283 -0.0054234954306591398 -0.12767434851721318 0.014255925602002615 -0.076899547362390214 0.12934715580022185 -0.030951019228139431 0.024144175143748902 -0.08938485838412924 0.011460315135863354 -0.056721442688110336 -0.00019307682625529479 -0.086557051768384477
leaf_weight=492 298 117 2883 57 119 827 106 109 494 104 53 1501 82 10886 93 986 73 377 140 3376 53
leaf_count=492 90 97 1995 57 91 539 102 101 398 88 45 1041 66 2342 45 738 61 273 140 3376 53
internal_value=0.00212335 0.000956741 0.00148984 -0.00461712 0.0016507 0.000669967 0 -0.00235603 -5.79856e-05 -0.00688871 -0.0104716 0.00117464 -0.00241059 0.00336284 0.00236387 0.00250752 0.00101149 -0.000515836 -4.73863e-05 -0.000360314 -0.00533508
internal_weight=23226 12042 7981 174 7807 3395 2568 866 603 263 159 1702 201 11184 4412 4319 1436 450 4061 3569 193
internal_count=12230 9798 5737 154 5583 2471 1932 734 499 235 147 1198 157 2432 3112 3067 1072 334 4061 3569 193
is_linear=0
shrinkage=0.0749695


Tree=29
num_leaves=22
num_cat=0
split_feature=51 43 21 58 63 22 22 55 43 54 59 38 45 45 2 20 44 38 59 43 58
split_gain=5.66599 1.4173 0.854385 0.918403 0.620987 0.596747 0.463552 0.511692 1.58853 0.556997 1.69567 1.53954 0.532198 1.3008 0.475398 1.00081 0.393983 1.6654 1.43108 0.573285 0.9156
threshold=10601.558000000001 32.230625000000003 32.925000000000004 1.2350000000000001 3.7854190121017379 32.155000000000008 34.345000000000006 1005.9500000000002 31.127500000000001 0.18050000000000002 3.7550000000000003 4.7174413727090334 2262.4130000000005 2219.2605000000003 8.0500000000000025 35.653160740125863 2.6799920189298092 5.0817639688398906 2.1750000000000003 28.815208333333334 1.8450000000000004
decision_type=2 2 2 2 2 2 2 2 2 2 2 2 2 2 2 2 2 2 2 2 2
left_child=1 6 3 -2 -3 -5 7 8 12 10 -9 -12 13 -1 15 -14 17 19 -19 -11 -21
right_child=2 4 -4 5 -6 -7 -8 9 -10 16 11 -13 14 -15 -16 -17 -18 18 -20 20 -22
leaf_value=-0.0030044200168038069 -0.018994473961562248 0.07730025796451831 0.17243832373470899 0.069847479704379975 -0.01646205391982131 -0.0068166648576043739 0.046582267943424002 0.0010631969459249408 -0.08396377030082916 0.0037063195115432353 -0.14294322877975835 -0.11989891079032035 9.2436772545318089e-05 -0.048202168925262509 0.016421629342931603 -0.046623662253033778 0.0069713708190559335 -0.009400748976776039 -0.079854456677579538 -0.022572196890019807 0.0056269168736262946
leaf_weight=514 214 1299 7636 4872 197 417 581 551 60 1815 60 53 1022 107 435 56 2727 53 66 196 295
leaf_count=294 86 795 1608 1836 105 145 317 539 60 1691 60 53 1014 87 355 56 2567 53 66 192 251
internal_value=0.00208785 0.000727896 0.00311787 0.00231144 0.00287113 0.00252249 0.000332954 0.000160159 -0.000781971 0.00054648 -0.00139525 -0.00964979 -0.000347925 -0.00222988 0.000309953 -0.000396512 0.000832091 5.77006e-05 -0.00837942 0.000581725 -0.00152715
internal_weight=23226 10087 13139 5503 1496 5289 8591 8010 2194 5816 664 113 2134 621 1513 1078 5152 2425 119 2306 491
internal_count=12230 8555 3675 2067 900 1981 7655 7338 1866 5472 652 113 1806 381 1425 1070 4820 2253 119 2134 443
is_linear=0
shrinkage=0.0749695


Tree=30
num_leaves=22
num_cat=0
split_feature=25 9 38 9 59 59 33 4 38 28 60 10 59 43 0 43 3 0 10 9 29
split_gain=6.29598 0.94881 0.897853 1.48768 0.963924 0.934667 0.89536 0.875273 0.701881 0.854399 0.966466 1.15772 0.667096 0.741773 0.607207 0.478608 0.394829 0.735782 0.872691 1.17745 0.389955
threshold=31.475000000000005 -0.94697898371965705 4.900018620255679 -0.99273952934267318 0.58500000000000008 4.2650000000000006 33.129723037532152 1013.6500000000002 3.770020404283811 70.950000000000017 1.9450000000000001 -0.86955717898714324 4.9750000000000005 28.408541666666672 2.6250000000000004 27.816041666666667 0.99750000000000016 2.3750000000000004 -0.27608674622158907 -0.55601228778889811 82.550000000000011
decision_type=2 2 2 2 2 2 2 2 2 2 2 2 2 2 2 2 2 2 2 2 2
left_child=2 14 4 -4 -1 7 16 20 9 10 -8 -12 13 -7 -2 -3 -6 18 19 -18 -5
right_child=1 15 3 5 6 12 8 -9 -10 -11 11 -13 -14 -15 -16 -17 17 -19 -20 -21 -22
leaf_value=-0.025269092850049552 -0.018717760570313487 -0.012897369131133818 -0.038953983908854531 -8.2384280117803454e-05 0.003408185571826928 -0.058758548379997097 0.0084729736412805789 -0.036194987360471505 0.034131833599141528 0.028030205463513348 -0.0074430965751948342 -0.080787643721508123 -0.010500751478169685 -0.0014257235492595001 0.057347270426513525 0.11558770946370482 -0.027569293187554557 0.0030874450321273358 0.0018002590124140431 -0.0086436158326900232 0.017922925602460848
leaf_weight=97 160 246 83 1583 3226 148 292 70 2715 755 131 117 244 90 172 11370 56 383 87 165 1036
leaf_count=85 60 162 79 1579 3106 100 208 70 1631 359 91 101 156 70 52 2874 56 375 87 165 764
internal_value=0.00204589 0.00324949 0.000754387 -0.000251309 0.0011844 0 0.00129484 0.000558839 0.00209441 0.000483261 -0.0016033 -0.00513699 -0.00301534 -0.00581593 -0.000227829 0.00336428 0.000429683 -0.00108724 -0.00390604 -0.00654085 0.000845355
internal_weight=23226 11948 11278 3254 8024 3171 7927 2689 4010 1295 540 248 482 238 332 11616 3917 691 308 221 2619
internal_count=12230 3148 9082 2818 6264 2739 6179 2413 2390 759 400 192 326 170 112 3036 3789 683 308 221 2343
is_linear=0
shrinkage=0.0749695


Tree=31
num_leaves=22
num_cat=0
split_feature=25 9 62 58 54 28 38 9 53 27 59 9 36 0 27 38 44 1 38 36 31
split_gain=5.78297 0.892156 0.747361 0.823632 0.863362 0.642639 0.598483 1.0184 0.838743 0.657774 0.56289 1.41024 0.630512 0.561642 0.522223 0.452137 0.687079 0.846627 0.988271 0.607471 0.460355
threshold=31.295000000000005 -0.94130860066615785 27.410215786231099 2.9650000000000003 0.32450000000000007 93.750000000000014 4.8452046526607342 -0.99273952934267318 0.99750000000000016 92.750000000000014 0.91500000000000015 -0.88606241628642823 0.40998177072922964 2.5650000000000004 96.15000000000002 3.770020404283811 1.8176697137734894 4.6950000000000012 3.6034083174964597 1.40223679279741 -1.1697684578097396
decision_type=2 2 2 2 2 2 2 2 2 2 2 2 2 2 2 2 2 2 2 2 2
left_child=2 13 3 5 -5 -1 10 -8 -9 -10 11 -4 -12 -2 -7 16 -14 -18 19 20 -19
right_child=1 -3 6 4 -6 14 7 8 9 -11 12 -13 15 -15 -16 -17 17 18 -20 -21 -22
leaf_value=0.0011840768202236497 -0.017252111656203502 0.10639167071428868 -0.037999920311188193 -0.08896078353104328 -0.0019697031927162168 -0.0091548783968510607 -0.034225162394207226 0.0044045032405927607 -0.025339003042391652 0.0021510737310228502 -0.017066580247222608 0.0046876113447007501 0.0242137819008225 0.040448983435613463 -0.00067452432553145544 0.017699537039853722 0.0071437760497097607 -0.039967155510246592 -0.076675056400848679 0.014488589056802335 -0.0091042487897146328
leaf_weight=1647 186 11948 66 94 301 114 76 2032 120 58 357 114 526 248 94 3917 882 97 88 163 98
leaf_count=1647 70 3164 58 94 301 114 68 1664 108 58 253 98 330 76 94 2969 702 93 72 119 78
internal_value=0.00201039 0.0031217 0.000724441 -0.000436481 -0.00355163 0.000135914 0.0010492 0 0.00030888 -0.00443254 0.00142566 -0.00229822 0.00156533 0 -0.00362579 0.00176792 0.000658713 -0.000124956 -0.00288985 -0.000564188 -0.00373117
internal_weight=23226 12382 10844 2250 395 1855 8594 2286 2210 178 6308 180 6128 434 208 5771 1854 1328 446 358 195
internal_count=12230 3310 8920 2250 395 1855 6670 1898 1830 166 4772 156 4616 146 208 4363 1394 1064 362 290 171
is_linear=0
shrinkage=0.0749695


Tree=32
num_leaves=22
num_cat=0
split_feature=21 32 9 43 9 4 37 53 9 58 28 59 9 9 37 10 38 63 9 10 53
split_gain=5.69852 1.65791 1.36832 3.51201 1.02818 0.927859 2.42999 0.786154 1.00628 2.74932 0.778439 0.748252 0.912734 2.10988 0.661543 0.970869 0.593707 0.532983 0.486137 0.655275 0.427227
threshold=32.925000000000004 -0.19999999999999749 -0.99273952934267318 27.67229166666667 0.66484924122790601 1005.85 36.16562763394537 0.25950000000000006 -0.17552986495351994 2.7050000000000005 93.850000000000009 1.6050000000000002 -0.86095304316285715 -0.96230016621822456 31.425993330112149 -0.94128245028753155 3.301083849027056 -0.16284474271143165 -0.97109105924028405 -0.30900554811238695 0.90550000000000008
decision_type=2 2 2 2 2 2 2 2 2 2 2 2 2 2 2 2 2 2 2 2 2
left_child=1 4 3 -3 5 6 20 8 9 -7 -9 12 13 -4 15 -13 17 -6 -12 -20 -1
right_child=-2 2 11 -5 16 7 -8 10 -10 -11 18 14 -14 -15 -16 -17 -18 -19 19 -21 -22
leaf_value=-0.025144247087409626 0.1357233236286782 0.039281360232509936 0.058028011317425576 -0.041975803044776772 0.042154148191470543 -0.0013864443864174143 -0.043322922804597812 0.0027615864037236915 -0.0016591627484216585 -0.11388493284473408 0.00059321757646786167 -0.053905788029631488 0.021286382664622731 -0.039507812796165817 0.053477790718007921 0.01653694851547011 0.053735670896467809 -0.028372701600581925 -0.003140798384232161 -0.030265421206834807 -0.0013753185576831687
leaf_weight=227 8498 131 97 71 121 85 72 3642 364 56 72 146 586 98 4651 1241 1305 161 73 57 1472
leaf_count=131 1974 67 49 63 81 85 72 3382 364 56 72 106 350 82 1847 789 1129 133 73 57 1268
internal_value=0.00196843 0.00105864 0.00189624 -0.00384132 0.00027195 -0.000142254 -0.00160853 0.000414594 -0.0022668 -0.00756944 0.000814896 0.00209414 0 -0.00448732 0.00237666 0.000753254 0.0019785 -0.000661927 -0.00347614 -0.0062537 -0.000910266
internal_weight=23226 14728 7021 202 7707 6120 1771 4349 505 141 3844 6819 781 195 6038 1387 1587 282 202 130 1699
internal_count=12230 10256 3353 130 6903 5560 1471 4089 505 141 3584 3223 481 131 2742 895 1343 214 202 130 1399
is_linear=0
shrinkage=0.0749695


Tree=33
num_leaves=22
num_cat=0
split_feature=21 32 59 37 37 44 16 54 58 28 10 44 44 37 63 58 10 4 27 10 10
split_gain=5.33419 1.61543 0.942886 0.757826 0.922902 2.55072 0.721471 0.607974 1.30766 2.08093 1.1526 0.5188 1.55386 0.479816 0.512353 0.888486 0.617314 0.371419 0.448067 0.55025 1.25678
threshold=32.925000000000004 0.35500000000000048 1.7850000000000004 36.842027912510098 36.503607467864278 3.7348315445839355 38.19604449309923 0.16950000000000004 2.7450000000000006 50.650000000000013 0.97690230611205509 2.5163905804835149 2.3885825753196657 31.425993330112149 0.46602496943187438 3.9750000000000005 -0.94128245028753155 1005.85 86.850000000000009 0.69635043120606444 0.76663042157996963
decision_type=2 2 2 2 2 2 2 2 2 2 2 2 2 2 2 2 2 2 2 2 2
left_child=1 3 11 4 7 -6 -5 8 -1 -10 -11 12 -3 14 16 -16 -4 -9 19 -19 -21
right_child=-2 2 13 6 5 -7 -8 17 9 10 -12 -13 -14 -15 15 -17 -18 18 -20 20 -22
leaf_value=0.001062804594503202 0.12554821606428573 -0.0012509062329325042 -0.050807199261563428 0.035213800937177263 -0.052646835301661206 0.024440471752523969 -0.031840901468157719 -0.0012651206357676497 0.0060691684789415216 -0.089744061243449372 -0.090620246876068553 0.02163246870881658 -0.033376642530338528 0.057986479531294981 0.0067862525008640113 -0.020299731533617534 0.038048305392531991 0.014484710156357373 -0.00011676565034620454 -0.071562517670229184 0.0031250411761129539
leaf_weight=410 8498 290 118 862 66 92 98 2013 119 79 56 556 88 3984 216 141 773 2071 1956 77 663
leaf_count=402 1974 170 78 654 58 92 54 1553 119 79 56 328 68 1464 132 97 481 1683 1956 77 655
internal_value=0.00196521 0.00108408 0.00201625 0.000391412 0.00011552 -0.00544696 0.00238295 0.000259911 -0.00184464 -0.00609529 -0.0123973 0 -0.00230416 0.0024089 0.000899838 -0.00120039 0.00194227 0.000493132 0.000863887 0.00146964 -6.24272e-05
internal_weight=23226 14728 6166 8562 7602 158 960 7444 664 254 135 934 378 5232 1248 357 891 6780 4767 2811 740
internal_count=12230 10256 2818 7438 6730 150 708 6580 656 254 135 566 238 2252 788 229 559 5924 4371 2415 732
is_linear=0
shrinkage=0.0749695


Tree=34
num_leaves=22
num_cat=0
split_feature=62 9 32 9 43 38 44 4 9 16 24 62 9 23 25 33 58 43 59 63 9
split_gain=5.52955 1.19679 1.29424 1.1974 3.51201 0.739472 1.07189 0.703189 1.79867 0.602721 0.510828 0.505906 0.536092 0.502466 0.473997 1.20714 1.0677 0.440671 0.606339 1.14153 1.64702
threshold=38.32831665251841 0.65189295912203338 -0.19999999999999749 -0.99273952934267318 27.67229166666667 3.4546491028333115 3.8149093242212282 1005.85 0.54162280503947546 32.363948757438834 29.215000000000003 30.250779691366862 0.95747632178960107 24.955000000000002 29.765000000000004 38.419960380274631 3.9150000000000005 29.369375000000005 2.6450000000000005 -1.42077815210059 -0.13301347478292289
decision_type=2 2 2 2 2 2 2 2 2 2 2 2 2 2 2 2 2 2 2 2 2
left_child=1 2 7 4 -4 6 -3 8 14 17 13 12 -7 -5 -1 16 -16 18 -9 -20 -21
right_child=-2 5 3 10 -6 11 -8 9 -10 -11 -12 -13 -14 -15 15 -17 -18 -19 19 20 -22
leaf_value=0.00018449646436039178 0.11172668396769607 0.0065059981651273725 0.032196448307124766 0.0065753381930954355 -0.043176115202432842 0.035249386167957919 -0.051892750040109153 0.0018807256223539466 -0.035195113737722487 0.0094434880200862884 -0.041461001407313909 0.082828478775810954 -0.093939379260183073 0.031043647970701908 -0.065491847519406676 -0.0044405425082390234 -0.0060589098696469433 -0.010120463795339223 0.0043350586556812915 -0.057590122006103903 0.0054630784677111577
leaf_weight=1234 8447 428 131 1112 71 255 77 1742 88 1372 113 2242 80 4024 88 368 76 362 383 332 201
leaf_count=1166 1611 304 67 828 63 255 57 1742 76 1104 113 1330 80 1892 68 156 44 362 379 332 201
internal_value=0.0019297 0.00103749 0.000669383 0.00151428 -0.00384132 0.00237447 0 -3.98155e-05 -0.0012884 0.00044721 0.00175664 0.00289003 0 0.0018879 -0.000649102 -0.0025236 -0.00780595 -8.97399e-05 0.000183641 -0.00129005 -0.00363024
internal_weight=23226 14779 11697 5451 202 3082 505 6246 1854 4392 5249 2577 335 5136 1766 532 164 3020 2658 916 533
internal_count=12230 10619 8593 2963 130 2026 361 5630 1510 4120 2833 1665 335 2720 1434 268 112 3016 2654 912 533
is_linear=0
shrinkage=0.0749695


Tree=35
num_leaves=22
num_cat=0
split_feature=21 2 9 9 37 37 59 53 59 43 9 55 9 9 45 58 9 58 56 44 38
split_gain=5.05679 1.06943 0.858941 0.828222 2.1619 0.800922 0.83446 0.637883 1.24696 0.70326 1.42526 1.2383 0.614345 1.25839 1.63604 1.72487 0.581236 0.633822 0.764385 0.53725 0.772928
threshold=32.925000000000004 184.15000000000001 0.65189295912203338 -0.99273952934267318 31.808860110519742 31.425993330112149 1.0250000000000001 0.25950000000000006 3.7550000000000003 29.743958333333342 0.17552986495352002 1004.7500000000001 -0.33346569090932177 -0.12447811117596669 2073.4975000000004 3.9550000000000005 -0.69016699705532225 3.4850000000000008 1008.5500000000001 2.780650777580409 4.9975694764751388
decision_type=2 2 2 2 2 2 2 2 2 2 2 2 2 2 2 2 2 2 2 2 2
left_child=1 2 7 4 -3 12 -7 8 -1 19 -11 -12 16 14 15 -14 17 -5 -19 20 -9
right_child=-2 3 -4 5 -6 6 -8 9 -10 10 11 -13 13 -15 -16 -17 -18 18 -20 -21 -22
leaf_value=-0.0064829545037566423 0.11013043674925557 0.012528369746309404 0.030544295275415415 0.042653884480941304 -0.039939224116570034 -0.020047765922726331 0.048295951152254372 0.00077669519792261405 -0.073151113072129834 -0.046021928272003652 -0.036199359734876813 0.0072193303100872496 -0.08578521641674236 0.092380266403495989 0.019243522697575205 -0.09618724919763226 0.063194093046723659 -0.0027657300082590108 -0.019269751419681836 0.0039829311497223867 -0.017802848250093636
leaf_weight=444 8498 122 1663 269 71 170 4976 2994 53 88 81 330 73 257 82 72 543 152 76 1826 386
leaf_count=440 1974 58 1423 125 59 94 1928 2722 53 88 77 302 53 221 58 68 307 64 52 1714 350
internal_value=0.00194261 0.00108408 0.000456098 0.00177719 -0.00266161 0.00193363 0.00238652 2.07676e-05 -0.00251284 0.000274081 -0.00233865 -1.24756e-05 0.000285631 -0.00175679 -0.00594724 -0.010803 0.00140979 -0.000115227 -0.00331227 0.000560102 0
internal_weight=23226 14728 7865 6863 193 6670 5146 6202 497 5705 499 411 1524 484 227 145 1040 497 228 5206 3380
internal_count=12230 10256 7169 3087 117 2970 2022 5746 493 5253 467 379 948 400 179 121 548 241 116 4786 3072
is_linear=0
shrinkage=0.0749695


Tree=36
num_leaves=22
num_cat=0
split_feature=21 42 9 44 10 37 10 52 9 57 10 45 10 44 44 63 58 55 38 45 44
split_gain=4.85255 1.31849 0.840359 2.60303 1.85551 2.53744 0.926272 1.14141 2.02391 0.716353 0.686765 1.16045 1.91301 0.474907 0.610244 0.90455 1.04441 1.09446 0.665271 0.654955 0.642859
threshold=33.305000000000007 0.87387641779725278 -0.86958133671945925 2.9781583705834245 0.30080866500414788 32.517712142606882 0.91925191855388755 0.11850000000000001 -0.17552986495351994 1005.9500000000002 -0.97106408147883394 2262.4130000000005 -0.99271195016773384 1.9742931840547628 2.5742991639399997 -0.96044344854443853 3.6050000000000004 1004.6500000000002 4.1452949916591146 2328.2460000000005 2.4140436580836986
decision_type=2 2 2 2 2 2 2 2 2 2 2 2 2 2 2 2 2 2 2 2 2
left_child=1 13 3 4 -3 -6 9 8 -8 10 11 12 -4 -1 15 16 17 -15 -19 -16 -17
right_child=-2 2 6 -5 5 -7 7 -9 -10 -11 -12 -13 -14 14 19 20 -18 18 -20 -21 -22
leaf_value=0.0076047035969851818 0.11906734282641916 0.015370718206881176 0.0092185804962665423 -0.12778524466819971 -0.0013007070808839472 -0.053046269561514141 -0.10096722550266711 0.0028816340236293607 -0.010416081605652504 0.037021439801562465 0.010887931789406216 0.013051886361250323 -0.041063319350875718 -0.069430925203610591 -0.0010641171821096764 0.0033343264883829772 0.004435334835096178 -0.00025136574595637905 -0.014954407359373333 0.0066710046856947166 -0.010135669383450964
leaf_weight=794 7837 1469 103 100 106 74 80 536 195 4733 2020 212 98 66 1784 866 156 128 147 1198 524
leaf_count=590 1757 745 55 76 70 66 80 484 195 2513 1360 212 86 62 1324 682 80 96 135 1138 424
internal_value=0.00194584 0.00115466 0.00168689 8.85169e-05 0.000910588 -0.00597932 0.00201479 -0.000190481 -0.00427493 0.00228924 0.00111607 -0.00143511 -0.00571331 0.000208635 -3.33732e-05 -0.00112115 -0.0038615 -0.00622084 -0.00319737 0.000595652 -6.39992e-06
internal_weight=23226 15389 9726 1749 1649 180 7977 811 275 7166 2433 413 201 5663 4869 1887 497 341 275 2982 1390
internal_count=12230 10473 5942 957 881 136 4985 759 275 4226 1713 353 141 4531 3941 1479 373 293 231 2462 1106
is_linear=0
shrinkage=0.0749695


Tree=37
num_leaves=22
num_cat=0
split_feature=21 32 59 9 43 56 9 20 26 37 55 26 10 9 53 57 9 1 37 38 58
split_gain=4.83107 1.46011 0.807113 1.02392 2.12004 0.562269 0.526759 1.13976 1.83077 0.935124 2.03903 1.78675 0.491089 5.35186 0.583753 0.441312 0.808888 0.662485 0.420272 0.437839 0.397125
threshold=33.405000000000008 0.35500000000000048 1.7850000000000004 -0.86095304316285715 28.177708333333335 1006.4500000000002 0.82876241254485883 31.245147408083579 82.750000000000014 36.503607467864278 1005.9500000000002 86.850000000000009 0.97690230611205509 -0.14153898451656977 0.99850000000000005 1006.5500000000001 -0.84293373149377071 4.5450000000000008 31.425993330112149 5.6397812129449205 4.0150000000000006
decision_type=2 2 2 2 2 2 2 2 2 2 2 2 2 2 2 2 2 2 2 2 2
left_child=1 6 3 4 -3 -5 9 8 -8 12 11 -11 14 -14 -1 -16 17 -17 20 -20 -4
right_child=-2 2 18 5 -6 -7 7 -9 -10 10 -12 -13 13 -15 15 16 -18 -19 19 -21 -22
leaf_value=0.0024814315971566159 0.11302713577895115 0.0077293684240492423 0.023243626444713204 -0.021321908301551409 -0.034730901601256546 0.044129992966570185 -0.10429987748044929 0.063157202110508112 0.073088420702915186 -0.033846870761623876 0.0024715511748848798 0.00090887625464594092 -0.089356562460460962 0.0097085503866501874 0.00090053033019665276 -0.0073986015549109786 -0.0020981638741310715 -0.013909583996993678 0.050208865478854427 -0.032732925975374222 -0.002283229387902297
leaf_weight=6000 7713 165 635 129 88 595 53 916 82 141 324 59 65 320 346 65 307 68 4324 161 670
leaf_count=5152 1717 89 395 93 72 327 53 740 82 113 244 59 65 320 318 57 259 64 1516 69 426
internal_value=0.00192648 0.0011464 0.00198178 0 -0.0040861 0.00142446 0.000479149 0.00207417 -0.00372367 0.000237316 -0.00276094 -0.00871004 0.000482453 -0.00200197 0.000650601 -0.00117009 -0.00281058 -0.00768371 0.00231793 0.00268705 0.000909342
internal_weight=23226 15513 6767 977 253 724 8746 1051 135 7695 524 200 7171 385 6786 786 440 133 5790 4485 1305
internal_count=12230 10513 2987 581 161 420 7526 875 135 6651 416 172 6235 385 5850 698 380 121 2406 1585 821
is_linear=0
shrinkage=0.0749695


Tree=38
num_leaves=22
num_cat=0
split_feature=25 51 20 38 59 43 38 37 63 58 0 63 63 43 4 4 63 30 0 43 43
split_gain=4.71968 1.37905 2.19062 0.586782 0.597465 0.577095 0.719388 0.565378 0.740457 0.883779 0.78981 1.11249 0.931763 0.457552 1.63507 0.508143 1.20629 1.42497 1.8119 0.537064 0.820251
threshold=33.375000000000007 10894.744500000003 40.003268973915887 4.8452046526607342 1.4550000000000003 32.501041666666673 3.5364963439836274 32.082664124265506 -0.54099041759238264 2.4650000000000003 5.3050000000000006 2.482127157924698 0.98652042782815752 31.554375000000004 1006.2500000000001 1012.0500000000001 -1.2942638594386258 81.850000000000009 2.4550000000000005 30.701458333333338 30.319375000000001
decision_type=2 2 2 2 2 2 2 2 2 2 2 2 2 2 2 2 2 2 2 2 2
left_child=1 2 5 4 -3 13 -7 8 -5 -10 11 12 -11 15 -15 19 -17 -18 -19 20 -1
right_child=-2 3 -4 7 -6 6 -8 -9 9 10 -12 -13 -14 14 -16 16 17 18 -20 -21 -22
leaf_value=0.0017848141024911469 0.10079989502138709 -0.0096360884810716436 -0.034747775295860581 0.059015166410186559 0.050333307302221013 -0.03487926512315153 0.057126638228279972 0.034192281626175762 0.067899129835923028 -0.03785036046232032 0.011680951864697666 0.060781705774602353 -0.039004894306383424 -0.049331102193045803 -0.0010609194193308589 0.011987220308100696 -0.006911209909886828 -0.018478316083750102 -0.061223273438547228 0.026628505350542727 -0.021050680798588354
leaf_weight=6212 7819 235 63 242 3882 123 805 836 180 213 119 102 124 65 488 345 375 78 103 578 239
leaf_count=5620 1735 103 23 122 1242 99 573 296 76 101 43 54 88 49 448 341 371 78 103 450 215
internal_value=0.0018587 0.00107986 0.00049297 0.00198615 0.00250127 0.000606561 0.00241653 0.0007178 -0.000352163 -0.00169084 -0.0033016 -0.00485943 -0.00699895 0.000386663 -0.00161301 0.000549223 -0.00104201 -0.00332681 -0.00877409 0.000778969 0.000547888
internal_weight=23226 15407 9474 5933 4117 9411 928 1816 980 738 558 439 337 8483 553 7930 901 556 181 7029 6451
internal_count=12230 10495 8370 2125 1345 8347 672 780 484 362 286 243 189 7675 497 7178 893 552 181 6285 5835
is_linear=0
shrinkage=0.0749695


Tree=39
num_leaves=22
num_cat=0
split_feature=62 9 43 9 56 38 54 38 32 42 20 9 9 9 43 37 10 9 55 38 23
split_gain=4.59001 1.06095 1.10823 3.21228 1.15946 1.10469 0.85694 1.43824 0.6507 0.645509 0.502811 0.907696 2.62694 0.480933 1.67909 0.489666 0.584266 1.24466 0.466136 0.63557 1.45797
threshold=38.32831665251841 0.66484924122790601 29.99979166666667 0.14153898451656996 1003.9500000000002 3.4546491028333115 0.92850000000000021 2.8025398226993548 -0.19999999999999749 0.66128914178195541 33.015294279006206 0.95747632178960107 0.98521098335796142 -0.99273952934267318 27.67229166666667 31.425993330112149 -0.2093068927635835 -0.90880922144842613 1012.6500000000002 4.9744505158074714 22.165000000000003
decision_type=2 2 2 2 2 2 2 2 2 2 2 2 2 2 2 2 2 2 2 2 2
left_child=1 2 8 -4 -5 6 7 -3 -1 -2 11 -7 -13 14 -10 16 17 -15 -18 -20 -21
right_child=9 5 3 4 -6 10 -8 -9 13 -11 -12 12 -14 15 -16 -17 18 -19 19 20 -22
leaf_value=0.00051404421382677851 -0.0063499354921450332 0.0080830142204074713 -0.059014496908417313 -0.034032256809013416 0.0063729567331683194 0.037028256465977509 0.0073497352493697432 -0.063460780651556886 0.02027167626891797 0.089137521361447258 0.083307656067711594 -0.096992650706374486 0.050299069422963687 -0.027236281325961845 -0.045634930733603904 0.026188534024689715 0.034977233917589466 0.0026295265259225547 0.044135295069457521 0.028860709310605599 -0.091554873009803667
leaf_weight=5663 271 109 107 124 703 448 264 104 131 8176 1936 60 109 124 71 3294 734 449 209 69 71
leaf_count=5139 67 49 75 84 551 444 212 72 67 1544 1032 60 105 88 63 1526 462 261 193 69 67
internal_value=0.00181675 0.00100199 0.000657491 -0.00175319 0 0.00227677 -0.000744388 -0.00449515 0.000882652 0.0032202 0.0029113 0.000660983 -0.00355451 0.00150103 -0.00165023 0.00166668 0.000470744 -0.00129685 0.00157138 -0.000248755 -0.00450931
internal_weight=23226 14779 11749 934 827 3030 477 213 10815 8447 2553 617 169 5152 202 4950 1656 573 1083 349 140
internal_count=12230 10619 8645 710 635 1974 333 121 7935 1611 1641 609 165 2796 130 2666 1140 349 791 329 136
is_linear=0
shrinkage=0.0749695


Tree=40
num_leaves=22
num_cat=0
split_feature=9 51 37 52 9 9 30 51 38 38 1 9 9 43 10 9 3 1 55 52 9
split_gain=4.35435 2.11965 1.7816 2.83555 0.953642 0.65827 2.27319 0.553836 0.5952 0.546944 0.517144 0.377735 2.13915 2.44185 0.453749 1.18206 0.888809 0.519472 0.420273 0.395231 0.765778
threshold=0.66484924122790601 14190.124000000002 36.503607467864278 0.97150000000000014 0.6254047815183511 -0.09025077427732299 56.050000000000004 4047.8555000000006 3.4546491028333115 5.694762299710125 0.15500000000000003 0.1670500785599974 0.12447811117596704 29.148333333333337 0.91586428826728705 0.31718835131409573 0.36250000000000004 16.425000000000004 1003.4500000000002 0.053500000000000006 -0.20931270765420754
decision_type=2 2 2 2 2 2 2 2 2 2 2 2 2 2 2 2 2 2 2 2 2
left_child=1 2 4 -4 11 6 -3 8 10 -8 -2 12 19 -14 17 -16 -17 18 -13 20 -1
right_child=7 5 3 -5 -6 -7 9 -9 -10 -11 -12 14 13 -15 15 16 -18 -19 -20 -21 -22
leaf_value=0.0078295877821346702 -0.038205717943649992 -0.013991011614735946 -0.069207411202160243 -0.018939966430034993 -0.065674802411500713 0.047725907398044248 0.030600019529314931 0.17980197213714133 0.042793342010866375 -0.033515817717304455 0.00054820177275041184 -0.043829862121291335 0.0054577568367431507 -0.045496267695128413 0.03153819667144752 -0.048368975206096475 -0.0069071008020027769 -0.018349781748898834 0.022051356531266417 0.0012239804683545701 -0.054179078294406678
leaf_weight=58 82 162 65 164 95 2667 3493 6258 1653 209 323 79 68 71 156 57 56 90 1366 5980 74
leaf_count=58 74 86 45 140 87 871 1165 1182 1325 97 227 39 68 71 156 57 56 74 1066 5212 74
internal_value=0.00183611 0.00105125 0.000237627 -0.00618649 0.000442453 0.00206712 0.00135348 0.00322089 0.00194649 0.00177482 -0.00025136 0.000552333 0.000241763 -0.00878225 0.00152731 -0.00087249 -0.00707118 0.00206487 0.00247789 0.000480799 -0.00333523
internal_weight=23226 14910 8379 229 8150 6531 3864 8316 2058 3702 405 8055 6251 139 1804 269 113 1535 1445 6112 132
internal_count=12230 9422 7203 185 7018 2219 1348 2808 1626 1262 301 6931 5483 139 1448 269 113 1179 1105 5344 132
is_linear=0
shrinkage=0.0749695


end of trees

feature_importances:
doy_sin=111
doy_cos=61
_hi_clim=51
heat_index_c_roll24h_std=50
temp_c_roll24h_mean=49
heat_index_c_roll24h_mean=41
pressure_hpa_lag6h=34
pressure_hpa=33
temp_c_lag1h=32
temp_c_roll24h_std=31
wind_ms_lag3h=24
wind_ms_lag1h=22
hi_residual_lag1h=22
wind_ms=21
rh_lag24h=20
precip_mm=19
heat_index_c_lag24h=18
pressure_hpa_lag1h=13
cloud_cover_lag3h=12
cloud_cover=11
temp_c_lag24h=11
rh_lag1h=11
temp_x_rh=11
cloud_cover_lag6h=10
pressure_hpa_lag3h=10
solar_wm2=9
heat_index_c_lag1h=9
temp_change_3h=9
cloud_cover_lag1h=9
temp_c_lag6h=8
rh_lag6h=7
temp_c_roll3h_mean=7
temp_x_solar=7
precip_mm_lag1h=7
precip_mm_lag3h=6
heat_index_c_lag12h=5
heat_index_c_roll6h_std=5
month=4
temp_c_lag12h=4
rh_lag3h=4
temp_c_roll3h_std=4
heat_index_c_lag6h=3
temp_c_lag3h=3
hi_change_3h=3
heat_index_c_roll3h_mean=3
local_hour_cos=2
heat_index_c_lag3h=2
rh_lag12h=2
heat_index_c_roll3h_std=2
temp_c_roll6h_mean=2
temp_c_roll6h_std=2
solar_wm2_roll6h_mean=2
hour_sin=1
heat_index_c_roll6h_mean=1
solar_wm2_lag1h=1

parameters:
[boosting: gbdt]
[objective: quantile]
[metric: quantile]
[tree_learner: serial]
[device_type: cpu]
[data_sample_strategy: bagging]
[data: ]
[valid: ]
[num_iterations: 2000]
[learning_rate: 0.0749695]
[num_leaves: 22]
[num_threads: -1]
[seed: 42]
[deterministic: 0]
[force_col_wise: 0]
[force_row_wise: 0]
[histogram_pool_size: -1]
[max_depth: -1]
[min_data_in_leaf: 53]
[min_sum_hessian_in_leaf: 0.001]
[bagging_fraction: 0.775599]
[pos_bagging_fraction: 1]
[neg_bagging_fraction: 1]
[bagging_freq: 0]
[bagging_seed: 400]
[bagging_by_query: 0]
[feature_fraction: 0.790729]
[feature_fraction_bynode: 1]
[feature_fraction_seed: 30056]
[extra_trees: 0]
[extra_seed: 12879]
[early_stopping_round: 0]
[early_stopping_min_delta: 0]
[first_metric_only: 0]
[max_delta_step: 0]
[lambda_l1: 2.38106]
[lambda_l2: 3.29408]
[linear_lambda: 0]
[min_gain_to_split: 0]
[drop_rate: 0.1]
[max_drop: 50]
[skip_drop: 0.5]
[xgboost_dart_mode: 0]
[uniform_drop: 0]
[drop_seed: 17869]
[top_rate: 0.2]
[other_rate: 0.1]
[min_data_per_group: 100]
[max_cat_threshold: 32]
[cat_l2: 10]
[cat_smooth: 10]
[max_cat_to_onehot: 4]
[top_k: 20]
[monotone_constraints: ]
[monotone_constraints_method: basic]
[monotone_penalty: 0]
[feature_contri: ]
[forcedsplits_filename: ]
[refit_decay_rate: 0.9]
[cegb_tradeoff: 1]
[cegb_penalty_split: 0]
[cegb_penalty_feature_lazy: ]
[cegb_penalty_feature_coupled: ]
[path_smooth: 0]
[interaction_constraints: ]
[verbosity: -1]
[saved_feature_importance_type: 0]
[use_quantized_grad: 0]
[num_grad_quant_bins: 4]
[quant_train_renew_leaf: 0]
[stochastic_rounding: 1]
[linear_tree: 0]
[max_bin: 255]
[max_bin_by_feature: ]
[min_data_in_bin: 3]
[bin_construct_sample_cnt: 200000]
[data_random_seed: 175]
[is_enable_sparse: 1]
[enable_bundle: 1]
[use_missing: 1]
[zero_as_missing: 0]
[feature_pre_filter: 1]
[pre_partition: 0]
[two_round: 0]
[header: 0]
[label_column: ]
[weight_column: ]
[group_column: ]
[ignore_column: ]
[categorical_feature: ]
[forcedbins_filename: ]
[precise_float_parser: 0]
[parser_config_file: ]
[objective_seed: 16083]
[num_class: 1]
[is_unbalance: 0]
[scale_pos_weight: 1]
[sigmoid: 1]
[boost_from_average: 1]
[reg_sqrt: 0]
[alpha: 0.05]
[fair_c: 1]
[poisson_max_delta_step: 0.7]
[tweedie_variance_power: 1.5]
[lambdarank_truncation_level: 30]
[lambdarank_norm: 1]
[label_gain: ]
[lambdarank_position_bias_regularization: 0]
[eval_at: ]
[multi_error_top_k: 1]
[auc_mu_weights: ]
[num_machines: 1]
[local_listen_port: 12400]
[time_out: 120]
[machine_list_filename: ]
[machines: ]
[gpu_platform_id: -1]
[gpu_device_id: -1]
[gpu_use_dp: 0]
[num_gpu: 1]

end of parameters

pandas_categorical:[]
