tree
version=v4
num_class=1
num_tree_per_iteration=1
label_index=0
max_feature_idx=63
objective=quantile
feature_names=wind_ms precip_mm solar_wm2 cloud_cover pressure_hpa hour_sin hour_cos local_hour_sin local_hour_cos doy_sin doy_cos month station_enc lat lon elevation_m heat_index_c_lag1h heat_index_c_lag3h heat_index_c_lag6h heat_index_c_lag12h heat_index_c_lag24h temp_c_lag1h temp_c_lag3h temp_c_lag6h temp_c_lag12h temp_c_lag24h rh_lag1h rh_lag3h rh_lag6h rh_lag12h rh_lag24h hi_change_3h temp_change_3h heat_index_c_roll3h_mean heat_index_c_roll3h_std heat_index_c_roll6h_mean heat_index_c_roll6h_std heat_index_c_roll24h_mean heat_index_c_roll24h_std temp_c_roll3h_mean temp_c_roll3h_std temp_c_roll6h_mean temp_c_roll6h_std temp_c_roll24h_mean temp_c_roll24h_std temp_x_rh temp_x_evening solar_wm2_lag1h solar_wm2_lag3h solar_wm2_lag6h solar_wm2_roll6h_mean temp_x_solar cloud_cover_lag1h cloud_cover_lag3h cloud_cover_lag6h pressure_hpa_lag1h pressure_hpa_lag3h pressure_hpa_lag6h wind_ms_lag1h wind_ms_lag3h precip_mm_lag1h precip_mm_lag3h _hi_clim hi_residual_lag1h
feature_infos=[0.059999999999999998:8.0399999999999991] [0:123.68000000000001] [0:967.39999999999998] [0:1] [999.70000000000005:1020.1] [-1:1] [-1:1] [-1:1] [-1:1] [-0.99999073973619013:0.82635419872390958] [-0.99996295911626554:1] [1:12] none none none none [15.543062617385331:46.705090229168285] [15.543062617385331:46.705090229168285] [15.543062617385331:46.705090229168285] [15.543062617385331:46.705090229168285] [15.543062617385331:47.117941747531241] [14.83:42.740000000000002] [14.83:42.740000000000002] [14.83:42.740000000000002] [14.83:42.740000000000002] [15.25:42.789999999999999] [26.199999999999999:98.299999999999997] [26.199999999999999:98.299999999999997] [26.199999999999999:98.299999999999997] [26.199999999999999:98.299999999999997] [26.199999999999999:98.299999999999997] [-8.0370101143076411:13.211166289457765] [-8.0100000000000016:11.800000000000001] [15.847133169309267:46.520925982866366] [0.0081557551711664532:4.9032769199001098] [16.59031288783498:45.927445778806828] [0.10493055143379597:6.8091820899401689] [22.575260778152696:41.479553319998374] [0.88478854658695105:6.7367631627095896] [15.219999999999994:42.563333333333333] [0.0057735026954761461:4.388769759283381] [15.766666666666666:41.948333333333331] [0.053166405427821119:6.4665384867022011] [20.677916666666665:35.690416666666664] [0.95711286493927128:6.429854281938189] [918.31299999999999:2708.0299999999997] [0:42.299999999999997] [0:967.39999999999998] [0:967.39999999999998] [0:967.39999999999998] [0:844.45000000000016] [0:37913.484000000004] [0:1] [0:1] [0:1] [999.70000000000005:1020.1] [999.70000000000005:1020.1] [999.70000000000005:1020.1] [0.059999999999999998:8.0399999999999991] [0.059999999999999998:8.0399999999999991] [0:123.68000000000001] [0:123.68000000000001] [19.631991987469316:42.002550586120272] [-9.3100573808761524:7.4108390635408306]
tree_sizes=879 949 951 951 939 942 940 1035 1120 1039 1037 1034 1035 1125 947 1034 1030 1035 1039 1126 1304 1310 1305 1133 1301 1135 1312

Tree=0
num_leaves=9
num_cat=0
split_feature=9 6 3 43 22 53 34 18
split_gain=118.559 68.9545 36.8809 15.9365 25.8466 0.252418 0.222534 0.21241
threshold=0.69943241849707793 0.78656609248549303 0.31350000000000006 30.010625000000005 27.305000000000003 0.17350000000000002 3.3744992985553743 29.67600722509022
decision_type=2 2 2 2 2 2 2 2
left_child=3 2 -2 6 -5 -4 -1 -6
right_child=1 -3 5 4 7 -7 -8 -9
leaf_value=35.911377176531296 35.977219389537858 35.984852263875823 35.934408405424684 35.940824718629912 35.932675161446291 35.924601742959545 35.917760652817648 35.929295353870806
leaf_weight=8016 132 460 52 425 82 432 310 607
leaf_count=5316 24 60 8 69 22 196 90 275
internal_value=35.932 35.9347 35.9328 35.9317 35.9327 35.9317 35.9316 35.9317
internal_weight=10516 1076 616 9440 1114 484 8326 689
internal_count=6060 288 228 5772 366 204 5406 297
is_linear=0
shrinkage=1


Tree=1
num_leaves=9
num_cat=0
split_feature=9 6 3 43 22 53 34 18
split_gain=115.439 66.0639 36.8809 15.9365 25.8466 0.252418 0.222534 0.21241
threshold=0.69943241849707793 0.78656609248549303 0.31350000000000006 30.010625000000005 27.305000000000003 0.17350000000000002 3.3744992985553743 29.67600722509022
decision_type=2 2 2 2 2 2 2 2
left_child=3 2 -2 6 -5 -4 -1 -6
right_child=1 -3 5 4 7 -7 -8 -9
leaf_value=-0.020443315646712722 0.044828296440426629 0.05239502286330526 0.002388320314089188 0.0087490285503016001 0.00067009695183847947 -0.0073333557819158096 -0.01411515975850363 -0.0026804205797387485
leaf_weight=8016 132 460 52 425 82 432 310 607
leaf_count=5316 24 60 8 69 22 196 90 275
internal_value=1.73426e-05 0.00270275 0.000782573 -0.000287065 0.000675128 -0.000284665 -0.000419388 -0.000328589
internal_weight=10516 1076 616 9440 1114 484 8326 689
internal_count=6060 288 228 5772 366 204 5406 297
is_linear=0
shrinkage=0.00866619


Tree=2
num_leaves=9
num_cat=0
split_feature=9 6 3 43 22 53 34 18
split_gain=115.439 66.0639 36.8809 15.9365 25.8466 0.252418 0.222534 0.21241
threshold=0.69943241849707793 0.78656609248549303 0.31350000000000006 30.010625000000005 27.305000000000003 0.17350000000000002 3.3744992985553743 29.67600722509022
decision_type=2 2 2 2 2 2 2 2
left_child=3 2 -2 6 -5 -4 -1 -6
right_child=1 -3 5 4 7 -7 -8 -9
leaf_value=-0.02026615005383035 0.044439806048064516 0.051940957806047558 0.0023676226840300104 0.0086732078342765771 0.00066428976645757892 -0.0072698035505961624 -0.013992835146857457 -0.0026571915542034827
leaf_weight=8016 132 460 52 425 82 432 310 607
leaf_count=5316 24 60 8 69 22 196 90 275
internal_value=1.73426e-05 0.00270275 0.000782573 -0.000287065 0.000675128 -0.000284665 -0.000419388 -0.000328589
internal_weight=10516 1076 616 9440 1114 484 8326 689
internal_count=6060 288 228 5772 366 204 5406 297
is_linear=0
shrinkage=0.00866619


Tree=3
num_leaves=9
num_cat=0
split_feature=9 6 3 43 22 53 34 18
split_gain=107.523 58.8353 36.8809 15.9365 25.8466 0.252418 0.222534 0.21241
threshold=0.69943241849707793 0.78656609248549303 0.31350000000000006 30.010625000000005 27.305000000000003 0.17350000000000002 3.3744992985553743 29.67600722509022
decision_type=2 2 2 2 2 2 2 2
left_child=3 2 -2 6 -5 -4 -1 -6
right_child=1 -3 5 4 7 -7 -8 -9
leaf_value=-0.020090519811076339 0.044054682386025466 0.051490827761410465 0.002347104423499963 0.0085980441947424643 0.00065853290723016846 -0.0072068020747867731 -0.013871570623150087 -0.0026341638357434082
leaf_weight=8016 132 460 52 425 82 432 310 607
leaf_count=5316 24 60 8 69 22 196 90 275
internal_value=6.63421e-06 0.00259851 0.000782573 -0.000287065 0.000675128 -0.000284665 -0.000419388 -0.000328589
internal_weight=10516 1076 616 9440 1114 484 8326 689
internal_count=6060 288 228 5772 366 204 5406 297
is_linear=0
shrinkage=0.00866619


Tree=4
num_leaves=9
num_cat=0
split_feature=9 6 3 43 22 53 34 18
split_gain=101.625 58.2318 32.4231 15.9365 25.8466 0.252418 0.222534 0.21241
threshold=0.69943241849707793 0.78656609248549303 0.31350000000000006 30.010625000000005 27.305000000000003 0.17350000000000002 3.3744992985553743 29.67600722509022
decision_type=2 2 2 2 2 2 2 2
left_child=3 2 -2 6 -5 -4 -1 -6
right_child=1 -3 5 4 7 -7 -8 -9
leaf_value=-0.01991641161281955 0.043672896277595512 0.05104459862783936 0.0023267639780491329 0.0085235319373516295 0.00065282593802036494 -0.007144346581537564 -0.013751357000461381 -0.0026113356797938725
leaf_weight=8016 132 460 52 425 82 432 310 607
leaf_count=5316 24 60 8 69 22 196 90 275
internal_value=0 0.00251832 0.000712767 -0.000287065 0.000675128 -0.000284665 -0.000419388 -0.000328589
internal_weight=10516 1076 616 9440 1114 484 8326 689
internal_count=6060 288 228 5772 366 204 5406 297
is_linear=0
shrinkage=0.00866619


Tree=5
num_leaves=9
num_cat=0
split_feature=9 6 3 43 22 53 34 18
split_gain=101.625 58.2318 32.4231 15.9365 25.8466 0.252418 0.222534 0.21241
threshold=0.69943241849707793 0.78656609248549303 0.31350000000000006 30.010625000000005 27.305000000000003 0.17350000000000002 3.3744992985553743 29.67600722509022
decision_type=2 2 2 2 2 2 2 2
left_child=3 2 -2 6 -5 -4 -1 -6
right_child=1 -3 5 4 7 -7 -8 -9
leaf_value=-0.019743812268738045 0.043294418798911473 0.050602236599310173 0.0023065998066988621 0.0084496654171047087 0.00064716842647200229 -0.0070824323392615508 -0.013632185171486821 -0.0025887053569088425
leaf_weight=8016 132 460 52 425 82 432 310 607
leaf_count=5316 24 60 8 69 22 196 90 275
internal_value=0 0.00251832 0.000712767 -0.000287065 0.000675128 -0.000284665 -0.000419388 -0.000328589
internal_weight=10516 1076 616 9440 1114 484 8326 689
internal_count=6060 288 228 5772 366 204 5406 297
is_linear=0
shrinkage=0.00866619


Tree=6
num_leaves=9
num_cat=0
split_feature=9 6 3 43 22 53 34 18
split_gain=101.625 58.2318 32.4231 15.9365 25.8466 0.252418 0.222534 0.21241
threshold=0.69943241849707793 0.78656609248549303 0.31350000000000006 30.010625000000005 27.305000000000003 0.17350000000000002 3.3744992985553743 29.67600722509022
decision_type=2 2 2 2 2 2 2 2
left_child=3 2 -2 6 -5 -4 -1 -6
right_child=1 -3 5 4 7 -7 -8 -9
leaf_value=-0.01957270870281963 0.042919221276769885 0.050163708162768078 0.0022866103818248102 0.0083764390379229524 0.00064155994397568764 -0.0070210546573767716 -0.01351404610784736 -0.0025662711526300576
leaf_weight=8016 132 460 52 425 82 432 310 607
leaf_count=5316 24 60 8 69 22 196 90 275
internal_value=0 0.00251832 0.000712767 -0.000287065 0.000675128 -0.000284665 -0.000419388 -0.000328589
internal_weight=10516 1076 616 9440 1114 484 8326 689
internal_count=6060 288 228 5772 366 204 5406 297
is_linear=0
shrinkage=0.00866619


Tree=7
num_leaves=10
num_cat=0
split_feature=9 6 61 43 6 31 52 22 34
split_gain=100.834 58.7462 42.9301 18.5066 29.4414 1.28342 0.786344 0.26192 0.222534
threshold=0.7236172338812249 0.37940952255126048 2.2250000000000005 30.010625000000005 0.91597561503675351 7.1203235768473059 0.24250000000000002 27.025000000000002 3.3744992985553743
decision_type=2 2 2 2 2 2 2 2 2
left_child=3 6 -3 8 5 7 -2 -5 -1
right_child=1 2 -4 4 -6 -7 -8 -9 -10
leaf_value=-0.019403087952371275 0.014728790427472058 0.051840544160835562 0.017921782521781053 6.7642746176803045e-05 0.0082525164639289227 0.009340460012877869 -0.039852501078155321 -0.0069638066528912848 -0.013396930859405669
leaf_weight=8016 46 279 279 66 432 92 276 720 310
leaf_count=5316 10 35 55 14 56 16 140 328 90
internal_value=-7.12867e-06 0.00279019 0.00448068 -0.000266666 0.000681264 -0.00020375 -7.83509e-05 -0.000341435 -0.000419388
internal_weight=10516 880 558 9636 1310 878 322 786 8326
internal_count=6060 240 90 5820 414 358 150 342 5406
is_linear=0
shrinkage=0.00866619


Tree=8
num_leaves=11
num_cat=0
split_feature=9 6 61 43 6 31 52 22 34 43
split_gain=100.534 58.7462 42.9301 18.3308 29.4414 1.28342 0.786344 0.26192 0.210804 0.111
threshold=0.7236172338812249 0.37940952255126048 2.2250000000000005 30.010625000000005 0.91597561503675351 7.1203235768473059 0.24250000000000002 27.025000000000002 3.3744992985553743 28.167708333333341
decision_type=2 2 2 2 2 2 2 2 2 2
left_child=3 6 -3 8 5 7 -2 -5 -1 -10
right_child=1 2 -4 4 -6 -7 -8 -9 9 -11
leaf_value=-0.019234937167037072 0.014601147977802114 0.051391284319608495 0.0177664690060652 6.7056541500554672e-05 0.0081809986144093464 0.0092595138412992061 -0.039507131858045892 -0.0069034570033677826 -0.027976072972944837 -0.0093134261160879479
leaf_weight=8016 46 279 279 66 432 92 276 720 153 157
leaf_count=5316 10 35 55 14 56 16 140 328 57 33
internal_value=-3.01005e-06 0.00279019 0.00448068 -0.000262172 0.000681264 -0.00020375 -7.83509e-05 -0.000341435 -0.000414186 -6.48175e-05
internal_weight=10516 880 558 9636 1310 878 322 786 8326 310
internal_count=6060 240 90 5820 414 358 150 342 5406 90
is_linear=0
shrinkage=0.00866619


Tree=9
num_leaves=10
num_cat=0
split_feature=9 6 37 17 3 10 9 6 23
split_gain=94.1918 57.3449 14.4029 24.9027 10.2871 1.50383 4.92114 9.92562 0.181046
threshold=0.7236172338812249 0.60355339059327384 36.159900341021192 33.292434503170533 0.28650000000000003 -0.9523422988233432 0.17552986495352002 0.78656609248549303 27.425000000000004
decision_type=2 2 2 2 2 2 2 2 2
left_child=2 4 5 -4 -2 6 -1 -8 -5
right_child=1 -3 3 8 -6 -7 7 -9 -10
leaf_value=-0.017131329758648933 0.029606621506260724 0.048671028385543276 0.0084474171607336022 0.0004748092171255373 -0.017453559977574036 -0.019609020420416842 -0.017234444156252759 0.0021108186846649345 -0.003304765550759977
leaf_weight=992 70 474 386 92 336 7300 197 126 543
leaf_count=672 14 70 46 16 156 4724 113 26 223
internal_value=-1.12473e-05 0.00269224 -0.000262172 0.000699587 0.000222679 -0.000379639 -8.27657e-05 0.000811882 -0.00031975
internal_weight=10516 880 9636 1021 406 8615 1315 323 635
internal_count=6060 240 5820 285 170 5535 811 139 239
is_linear=0
shrinkage=0.00866619


Tree=10
num_leaves=10
num_cat=0
split_feature=9 6 43 6 3 31 22 34 43
split_gain=92.82 57.9161 19.2605 31.9194 9.61749 1.32271 0.250537 0.219547 0.114314
threshold=0.7236172338812249 0.60355339059327384 29.807083333333338 0.91597561503675351 0.28650000000000003 7.2599115318241383 27.025000000000002 3.3744992985553743 28.167708333333341
decision_type=2 2 2 2 2 2 2 2 2
left_child=2 4 7 5 -2 6 -4 -1 -9
right_child=1 -3 3 -5 -6 -7 -8 8 -10
leaf_value=-0.019809136803803105 0.029350044992790744 0.048249236160195316 4.8182667891425109e-05 0.0077289089267915416 -0.017302304165905745 0.0091060622689948835 -0.0064484784859339551 -0.027563691663127669 -0.0086355856161342056
leaf_weight=7907 70 474 73 474 336 92 785 153 152
leaf_count=5279 14 70 17 62 156 16 357 57 32
internal_value=-1.3626e-06 0.00268245 -0.000250486 0.000671184 0.00020158 -0.000221062 -0.000349103 -0.000413921 -5.88692e-05
internal_weight=10516 880 9636 1424 406 950 858 8212 305
internal_count=6060 240 5820 452 170 390 374 5368 89
is_linear=0
shrinkage=0.00866619


Tree=11
num_leaves=10
num_cat=0
split_feature=9 6 43 6 3 31 22 34 43
split_gain=82.7111 54.6912 18.3308 29.4414 7.89778 1.28342 0.26192 0.210804 0.111
threshold=0.7236172338812249 0.60355339059327384 30.010625000000005 0.91597561503675351 0.24250000000000002 7.1203235768473059 27.025000000000002 3.3744992985553743 28.167708333333341
decision_type=2 2 2 2 2 2 2 2 2
left_child=2 4 7 5 -2 6 -4 -1 -9
right_child=1 -3 3 -5 -6 -7 -8 8 -10
leaf_value=-0.018726638492703326 0.029095692019323497 0.047831099265076948 4.7765107889379418e-05 0.0079699134877880551 -0.011629000169315879 0.0090271474320579529 -0.0067469126092394157 -0.027324819561365205 -0.008880651057221205
leaf_weight=8016 60 474 66 432 346 92 720 153 157
leaf_count=5316 12 70 14 56 158 16 328 57 33
internal_value=-2.6898e-05 0.00250613 -0.000262172 0.000681264 9.60855e-05 -0.00020375 -0.000341435 -0.000414186 -6.48175e-05
internal_weight=10516 880 9636 1310 406 878 786 8326 310
internal_count=6060 240 5820 414 170 358 342 5406 90
is_linear=0
shrinkage=0.00866619


Tree=12
num_leaves=10
num_cat=0
split_feature=43 3 24 29 22 35 59 34 43
split_gain=77.6294 59.2206 52.7198 15.0512 10.8784 3.68581 1.75219 0.219524 0.114314
threshold=29.764166666666672 0.85550000000000004 29.035000000000004 68.15000000000002 27.305000000000003 32.379999473877824 0.83500000000000008 3.3744992985553743 28.167708333333341
decision_type=2 2 2 2 2 2 2 2 2
left_child=7 2 5 -4 -3 -2 -6 -1 -9
right_child=1 4 3 -5 6 -7 -8 8 -10
leaf_value=-0.019521968128194973 0.0058850941517728031 0.0028436827096474876 0.049516483987852404 0.010778201834760741 0.0049356343419265734 -0.0057313464128358506 -0.0052567221502402197 -0.027088017569865813 -0.0084837866365102335
leaf_weight=7901 106 271 294 383 55 256 945 153 152
leaf_count=5269 18 55 42 55 19 72 441 57 32
internal_value=-1.61896e-05 0.00138283 0.00291356 0.00433479 0.000103961 0.0001596 -0.000292001 -0.000413907 -5.88692e-05
internal_weight=10516 2310 1039 677 1271 362 1000 8206 305
internal_count=6060 702 187 97 515 90 460 5358 89
is_linear=0
shrinkage=0.00866619


Tree=13
num_leaves=11
num_cat=0
split_feature=9 6 3 43 6 31 22 34 45 43
split_gain=80.1702 50.9643 38.8082 20.5696 36.297 1.35572 0.25547 0.219744 0.189818 0.114314
threshold=0.7469444191903023 0.37940952255126048 0.71050000000000002 29.807083333333338 0.91597561503675351 7.2599115318241383 27.025000000000002 3.3744992985553743 1280.4310000000003 28.167708333333341
decision_type=2 2 2 2 2 2 2 2 2 2
left_child=3 8 -3 7 5 6 -5 -1 -2 -9
right_child=1 2 -4 4 -6 -7 -8 9 -10 -11
leaf_value=-0.019525292899362383 0.013618127600609113 0.049460680080151552 0.0047802615877444816 2.270728088449981e-05 0.0073307957834633352 0.0088555105750170119 -0.011793880522681923 -0.026853267748667198 -0.019459408512535113 -0.0084102645564661186
leaf_weight=7958 42 262 202 73 497 92 855 153 230 152
leaf_count=5290 10 34 38 17 65 16 391 57 110 32
internal_value=-3.10167e-05 0.00271488 0.00444927 -0.000241663 0.000677718 -0.000235561 -0.000355422 -0.000414041 -0.000170795 -5.88692e-05
internal_weight=10516 736 464 9780 1517 1020 928 8263 272 305
internal_count=6060 192 72 5868 489 424 408 5379 120 89
is_linear=0
shrinkage=0.00866619


Tree=14
num_leaves=9
num_cat=0
split_feature=9 3 22 43 6 23 36 31
split_gain=83.7671 52.21 45.8474 18.9077 29.8224 1.30804 0.787164 0.1886
threshold=0.7469444191903023 0.31350000000000006 28.045000000000005 29.807083333333338 0.91597561503675351 27.485000000000003 0.5803628706799987 10.092894705805747
decision_type=2 2 2 2 2 2 2 2
left_child=3 -2 -3 7 5 -5 -4 -1
right_child=1 2 6 4 -6 -7 -8 -9
leaf_value=-0.018234623844482576 0.052868520872713112 0.016077584692652271 0.052088562735379415 -4.3516592442346756e-05 0.0072672657375686071 -0.005178736956319146 -0.01029325554507313 -0.019476655926702561
leaf_weight=8146 199 128 88 270 497 750 321 117
leaf_count=5334 27 20 20 58 65 366 125 45
internal_value=-3.34878e-05 0.00277338 0.00127982 -0.000248748 0.000632159 -0.000193276 -9.01526e-05 -0.000414041
internal_weight=10516 736 537 9780 1517 1020 409 8263
internal_count=6060 192 165 5868 489 424 145 5379
is_linear=0
shrinkage=0.00866619


Tree=15
num_leaves=10
num_cat=0
split_feature=9 6 3 43 6 34 22 34 45
split_gain=81.1942 50.9643 38.8082 18.156 27.1648 2.4877 0.259221 0.21104 0.189818
threshold=0.7469444191903023 0.37940952255126048 0.71050000000000002 30.010625000000005 0.91597561503675351 2.3153704709097096 27.115000000000006 3.3744992985553743 1280.4310000000003
decision_type=2 2 2 2 2 2 2 2 2
left_child=3 8 -3 7 5 6 -5 -1 -2
right_child=1 2 -4 4 -6 -7 -8 -9 -10
leaf_value=-0.01779322937036798 0.013041941883033007 0.048573824110258471 0.0045995035949425653 2.2887618266324811e-05 0.0075122709846931791 0.0087791441887919014 -0.0060635158937563886 -0.012597571946613213 -0.019913149948878585
leaf_weight=8079 42 262 202 69 455 94 773 310 230
leaf_count=5331 10 34 38 13 59 18 357 90 110
internal_value=-4.83149e-05 0.00271488 0.00444927 -0.000260262 0.000647626 -0.000171843 -0.000347512 -0.00041433 -0.000170795
internal_weight=10516 736 464 9780 1391 936 842 8389 272
internal_count=6060 192 72 5868 447 388 370 5421 120
is_linear=0
shrinkage=0.00866619


Tree=16
num_leaves=10
num_cat=0
split_feature=9 6 43 6 31 30 22 34 43
split_gain=65.1112 51.9964 17.9051 30.7829 1.35572 1.28269 0.25547 0.219744 0.114314
threshold=0.7469444191903023 0.60355339059327384 29.807083333333338 0.91597561503675351 7.2599115318241383 35.500000000000007 27.025000000000002 3.3744992985553743 28.167708333333341
decision_type=2 2 2 2 2 2 2 2 2
left_child=2 5 7 4 6 -2 -4 -1 -9
right_child=1 -3 3 -5 -6 -7 -8 8 -10
leaf_value=-0.019043858955970393 0.027106670405812973 0.046632901668006058 2.2689269890278948e-05 0.0071391835110269294 0.0087030624850171438 -0.0018812427612482524 -0.011343417757271277 -0.026353354744077882 -0.0080757791818846566
leaf_weight=7958 72 392 73 497 92 272 855 153 152
leaf_count=5290 24 56 17 65 16 112 391 57 32
internal_value=-6.31419e-05 0.0024107 -0.000253176 0.000603684 -0.000235561 0 -0.000355422 -0.000414041 -5.88692e-05
internal_weight=10516 736 9780 1517 1020 344 928 8263 305
internal_count=6060 192 5868 489 424 136 408 5379 89
is_linear=0
shrinkage=0.00866619


Tree=17
num_leaves=10
num_cat=0
split_feature=9 6 43 6 30 34 22 34 43
split_gain=65.1112 51.9964 17.9051 30.7829 1.28269 1.04746 0.283599 0.219744 0.114314
threshold=0.7469444191903023 0.60355339059327384 29.807083333333338 0.91597561503675351 35.500000000000007 2.3153704709097096 27.025000000000002 3.3744992985553743 28.167708333333341
decision_type=2 2 2 2 2 2 2 2 2
left_child=2 4 7 5 -2 6 -4 -1 -9
right_child=1 -3 3 -5 -6 -7 -8 8 -10
leaf_value=-0.018878821316234872 0.026871758935653065 0.046228772229581785 2.2492640438301683e-05 0.0070773140128846026 -0.0018649395600008507 -0.00093689250568808878 -0.0061176753981640238 -0.026124971648186907 -0.0080057929706716085
leaf_weight=7958 72 392 61 497 272 117 842 153 152
leaf_count=5290 24 56 13 65 112 21 390 57 32
internal_value=-6.31419e-05 0.0024107 -0.000253176 0.000603684 0 -0.000235561 -0.000353277 -0.000414041 -5.88692e-05
internal_weight=10516 736 9780 1517 344 1020 903 8263 305
internal_count=6060 192 5868 489 136 424 403 5379 89
is_linear=0
shrinkage=0.00866619


Tree=18
num_leaves=10
num_cat=0
split_feature=9 6 43 6 3 34 22 34 43
split_gain=75.0276 48.895 17.597 25.7349 7.89778 1.94225 0.278348 0.219547 0.114314
threshold=0.7236172338812249 0.60355339059327384 29.807083333333338 0.91597561503675351 0.24250000000000002 2.3153704709097096 27.025000000000002 3.3744992985553743 28.167708333333341
decision_type=2 2 2 2 2 2 2 2 2
left_child=2 4 7 5 -2 6 -4 -1 -9
right_child=1 -3 3 -5 -6 -7 -8 8 -10
leaf_value=-0.018495918576334178 0.026638883252182791 0.044869393100069231 2.2297715013879332e-05 0.0071846389917714837 -0.010719742826721159 -0.0009287732201912985 -0.0093797232248618839 -0.025898567762874414 -0.0079364132730406958
leaf_weight=7907 60 474 61 474 346 117 772 153 152
leaf_count=5279 12 70 13 62 158 21 356 57 32
internal_value=-3.34878e-05 0.0023788 -0.000257677 0.000622659 9.60855e-05 -0.000175677 -0.00034659 -0.000413921 -5.88692e-05
internal_weight=10516 880 9636 1424 406 950 833 8212 305
internal_count=6060 240 5820 452 170 390 369 5368 89
is_linear=0
shrinkage=0.00866619


Tree=19
num_leaves=11
num_cat=0
split_feature=9 6 37 35 0 10 9 6 22 60
split_gain=61.8368 40.9387 18.541 29.1664 2.14678 1.88387 4.77 10.3668 0.24906 0.237007
threshold=0.79091635943066529 0.60355339059327384 36.056147241558101 33.636065856318261 1.0450000000000002 -0.9523422988233432 0.17552986495352002 0.78656609248549303 27.795000000000005 0.20500000000000004
decision_type=2 2 2 2 2 2 2 2 2 2
left_child=2 -2 5 -4 -5 6 9 -8 -6 -1
right_child=1 -3 3 4 8 -7 7 -9 -10 -11
leaf_value=3.8601619692037483e-05 0.010288637303556994 0.050795799398980226 0.0097870541798423388 0.0053918904298856781 7.2216591779627188e-05 -0.018442260480818342 -0.017585176958904224 0.0017304432722935769 -0.0040210968230865174 -0.019763624994008109
leaf_weight=82 192 220 478 178 73 7305 191 121 766 910
leaf_count=34 68 28 62 46 9 4721 111 25 318 638
internal_value=-8.04401e-05 0.00318694 -0.0002178 0.000665124 -0.00014168 -0.000374571 -4.67105e-05 0.000855126 -0.000347207 -0.000360423
internal_weight=10516 412 10104 1495 1017 8609 1304 312 839 992
internal_count=6060 96 5964 435 373 5529 808 136 327 672
is_linear=0
shrinkage=0.00866619


Tree=20
num_leaves=13
num_cat=0
split_feature=9 6 43 17 38 38 35 34 34 10 10 10
split_gain=58.1856 38.0886 21.1812 29.3024 38.9931 2.84297 7.00816 0.212984 0.208153 0.182207 0.101507 0.00268656
threshold=0.79091635943066529 0.60355339059327384 29.807083333333338 32.654957586015946 4.3841150463966772 2.908001460029487 35.159179736072332 2.1308775237904203 3.3744992985553743 -0.021515300460958599 -0.9993703818063705 -0.99981480381338828
decision_type=2 2 2 2 2 2 2 2 2 2 2 2
left_child=2 -2 8 4 -4 6 -5 -7 10 -10 11 -1
right_child=1 -3 3 5 -6 7 -8 -9 9 -11 -12 -13
leaf_value=-0.0063764105608558547 0.010199474050426392 0.050355593511052232 0.010012308680873801 0.012031979336686479 -0.00034995438454677998 -0.0029750242459801873 -0.023747639667791809 7.1590749302793855e-05 -0.0022969725320187702 -0.031197208129741555 -0.018086566586721801 3.8267090843720362e-05
leaf_weight=72 192 220 295 67 333 915 139 92 122 183 7804 82
leaf_count=48 68 28 43 15 69 375 71 12 26 63 5200 42
internal_value=-8.62062e-05 0.00308296 -0.000219514 0.000614156 0.00212914 -0.000153036 0.000721866 -0.000361504 -0.0004088 -5.88692e-05 -0.000418744 0
internal_weight=10516 412 10104 1841 628 1213 206 1007 8263 305 7958 154
internal_count=6060 96 5964 585 112 473 86 387 5379 89 5290 90
is_linear=0
shrinkage=0.00866619


Tree=21
num_leaves=13
num_cat=0
split_feature=9 6 43 17 44 43 6 34 27 10 10 10
split_gain=58.3396 38.0886 20.6796 30.8044 4.43136 1.43558 2.87699 0.208153 0.20354 0.182207 0.101507 0.00268656
threshold=0.79091635943066529 0.60355339059327384 30.382083333333338 32.654957586015946 2.6815276770449015 29.807083333333338 0.91597561503675351 3.3744992985553743 92.950000000000017 -0.021515300460958599 -0.9993703818063705 -0.99981480381338828
decision_type=2 2 2 2 2 2 2 2 2 2 2 2
left_child=2 -2 5 -4 -5 7 -7 10 -6 -9 11 -1
right_child=1 -3 3 4 8 6 -8 9 -10 -11 -12 -13
leaf_value=-0.0063211513956109733 0.010111083502706118 0.049919202529594101 0.0091474994149134594 0.0026580030919764889 -0.0018747272457098202 -0.0063816603633013481 0.00035218694401165389 -0.0022770665389058396 7.0970330493836216e-05 -0.030926847295418287 -0.017929825021512039 3.7935461084910313e-05
leaf_weight=72 192 220 423 135 737 321 134 122 91 183 7804 82
leaf_count=48 68 28 55 43 297 153 22 26 15 63 5200 42
internal_value=-9.03248e-05 0.00308296 -0.000223801 0.000751214 -8.06321e-05 -0.00038226 3.96617e-05 -0.0004088 -0.000346069 -5.88692e-05 -0.000418744 0
internal_weight=10516 412 10104 1386 963 8718 455 8263 828 305 7958 154
internal_count=6060 96 5964 410 355 5554 175 5379 312 89 5290 90
is_linear=0
shrinkage=0.00866619


Tree=22
num_leaves=13
num_cat=0
split_feature=9 28 43 22 38 38 1 34 34 10 10 10
split_gain=58.7407 37.186 17.8615 26.2621 35.8548 3.91394 13.6326 0.208153 0.188987 0.182207 0.101507 0.00268656
threshold=0.79091635943066529 66.950000000000017 29.807083333333338 27.425000000000004 4.3841150463966772 2.908001460029487 1.8350000000000002 3.3744992985553743 2.1506763129968727 -0.021515300460958599 -0.9993703818063705 -0.99981480381338828
decision_type=2 2 2 2 2 2 2 2 2 2 2 2
left_child=2 -2 7 4 -4 6 -5 10 -7 -9 11 -1
right_child=1 -3 3 5 -6 8 -8 9 -10 -11 -12 -13
leaf_value=-0.0062663711166163353 -0.006149853761628187 0.049486593393913543 0.0098585751165502465 0.013009393409982386 -0.00011520394026746345 -0.00073710872894755899 -0.018493997669250677 -0.0022573330548482664 -0.00033358158279872633 -0.030658829458597596 -0.017774441807990926 3.760670529152989e-05
leaf_weight=72 162 250 247 53 311 969 158 122 103 183 7804 82
leaf_count=48 54 42 35 13 59 389 74 26 15 63 5200 42
internal_value=-0.000101033 0.00308296 -0.000234946 0.000529641 0.00209369 -0.000134623 0.000895941 -0.0004088 -0.000365839 -5.88692e-05 -0.000418744 0
internal_weight=10516 412 10104 1841 558 1283 211 8263 1072 305 7958 154
internal_count=6060 96 5964 585 94 491 87 5379 404 89 5290 90
is_linear=0
shrinkage=0.00866619


Tree=23
num_leaves=11
num_cat=0
split_feature=9 6 43 22 44 10 9 34 27 34
split_gain=59.1431 38.0886 18.3039 29.002 5.19015 0.748648 2.82401 3.52279 0.198731 0.174576
threshold=0.79091635943066529 0.60355339059327384 30.382083333333338 27.425000000000004 2.6815276770449015 -0.9523422988233432 0.19244979981841034 1.1655104440200701 93.15000000000002 2.3153704709097096
decision_type=2 2 2 2 2 2 2 2 2 2
left_child=2 -2 5 -4 -5 6 9 -8 -6 -1
right_child=1 -3 3 4 8 -7 7 -9 -10 -11
leaf_value=-0.020615732202989127 0.0095945988999015727 0.049057733329828483 0.0085356181030868498 0.0012267595136694731 -0.0019281392586080312 -0.016880338931690022 -0.0051333580238761799 0.0037928045329061353 7.3246168670830324e-05 -0.0081105673488975367
leaf_weight=880 192 220 366 158 768 7537 100 94 94 107
leaf_count=632 68 28 46 46 304 4797 52 34 14 39
internal_value=-0.000111742 0.00308296 -0.000246091 0.000670206 -5.79646e-05 -0.000395175 -0.000152781 0.00074801 -0.000349491 -0.000360056
internal_weight=10516 412 10104 1386 1020 8718 1181 194 862 987
internal_count=6060 96 5964 410 364 5554 757 86 318 671
is_linear=0
shrinkage=0.00866619


Tree=24
num_leaves=13
num_cat=0
split_feature=9 6 43 22 38 38 60 34 34 10 10 10
split_gain=58.432 38.0886 19.6703 27.3101 34.8202 3.65095 13.3102 0.554715 0.208153 0.182207 0.101507 0.00268656
threshold=0.79091635943066529 0.60355339059327384 29.807083333333338 27.425000000000004 4.5202975657017017 2.908001460029487 2.1850000000000005 2.0111601824636196 3.3744992985553743 -0.021515300460958599 -0.9993703818063705 -0.99981480381338828
decision_type=2 2 2 2 2 2 2 2 2 2 2 2
left_child=2 -2 8 4 -4 6 -5 -7 10 -10 11 -1
right_child=1 -3 3 5 -6 7 -8 -9 9 -11 -12 -13
leaf_value=-0.0060334057867820583 0.0095114503132464161 0.048632589847184014 0.009231197566323724 0.012886020248961518 -0.0045009640634599488 -0.00095616412143223093 -0.018339812193705719 -5.0995662806517925e-05 -0.0021447883570494073 -0.030246846143437416 -0.017474117003440873 0.00010756849052527
leaf_weight=72 192 220 292 54 266 953 157 119 122 183 7804 82
leaf_count=48 68 28 44 14 50 385 73 19 26 63 5200 42
internal_value=-9.2796e-05 0.00308296 -0.000226373 0.000576594 0.00217069 -0.000100974 0.000895941 -0.000325596 -0.0004088 -5.88692e-05 -0.000418744 0
internal_weight=10516 412 10104 1841 558 1283 211 1072 8263 305 7958 154
internal_count=6060 96 5964 585 94 491 87 404 5379 89 5290 90
is_linear=0
shrinkage=0.00866619


Tree=25
num_leaves=11
num_cat=0
split_feature=9 6 43 22 44 10 9 34 28 34
split_gain=58.9881 38.0886 19.3767 28.1681 4.8582 0.748648 2.82401 3.52279 0.641585 0.174576
threshold=0.79091635943066529 0.60355339059327384 30.382083333333338 27.425000000000004 2.6815276770449015 -0.9523422988233432 0.19244979981841034 1.1655104440200701 93.450000000000017 2.3153704709097096
decision_type=2 2 2 2 2 2 2 2 2 2
left_child=2 -2 5 -4 -5 6 9 -8 -6 -1
right_child=1 -3 3 4 8 -7 7 -9 -10 -11
leaf_value=-0.020163745196579728 0.0094290223077781125 0.048211130737391021 0.0083816475590665785 0.0011044555275121688 -0.00066851283166786913 -0.015910092849020764 -0.0050498651602839941 0.0036799360973995988 7.3053341629878026e-05 -0.0080425782247132826
leaf_weight=880 192 220 366 158 772 7537 100 94 90 107
leaf_count=632 68 28 46 46 300 4797 52 34 18 39
internal_value=-0.000107623 0.00308296 -0.000241804 0.000701363 -1.56798e-05 -0.000395175 -0.000152781 0.00074801 -0.000299498 -0.000360056
internal_weight=10516 412 10104 1386 1020 8718 1181 194 862 987
internal_count=6060 96 5964 410 364 5554 757 86 318 671
is_linear=0
shrinkage=0.00866619


Tree=26
num_leaves=13
num_cat=0
split_feature=9 6 43 22 44 43 6 28 34 10 10 10
split_gain=58.5862 38.0886 18.9192 28.1681 4.8582 1.43558 2.87699 0.641585 0.208153 0.182207 0.101507 0.00268656
threshold=0.79091635943066529 0.60355339059327384 30.382083333333338 27.425000000000004 2.6815276770449015 29.807083333333338 0.91597561503675351 93.450000000000017 3.3744992985553743 -0.021515300460958599 -0.9993703818063705 -0.99981480381338828
decision_type=2 2 2 2 2 2 2 2 2 2 2 2
left_child=2 -2 5 -4 -5 8 -7 -6 10 -10 11 -1
right_child=1 -3 3 4 7 6 -8 -9 9 -11 -12 -13
leaf_value=-0.0058063763818654926 0.0093473086388054915 0.047793324070986021 0.0083090106353505295 0.0010948841095619177 -0.00066271937456832913 -0.0060048165935536113 8.9551320280788826e-05 7.2420247722528689e-05 -0.0020341530155260517 -0.02984684148648506 -0.017184803203584238 0.00017633476740412589
leaf_weight=72 192 220 366 158 772 321 134 90 122 183 7804 82
leaf_count=48 68 28 46 46 300 153 22 18 26 63 5200 42
internal_value=-9.69146e-05 0.00308296 -0.000230659 0.000701363 -1.56798e-05 -0.00038226 3.96617e-05 -0.000299498 -0.0004088 -5.88692e-05 -0.000418744 0
internal_weight=10516 412 10104 1386 1020 8718 455 862 8263 305 7958 154
internal_count=6060 96 5964 410 364 5554 175 318 5379 89 5290 90
is_linear=0
shrinkage=0.00866619


end of trees

feature_importances:
hour_cos=38
temp_c_roll24h_mean=35
heat_index_c_roll3h_std=32
doy_sin=30
temp_c_lag3h=24
doy_cos=19
cloud_cover=15
heat_index_c_lag6h=7
hi_change_3h=7
cloud_cover_lag3h=7
heat_index_c_roll24h_std=6
temp_c_roll24h_std=4
heat_index_c_lag3h=3
rh_lag6h=3
heat_index_c_roll6h_mean=3
temp_c_lag6h=2
rh_lag3h=2
rh_lag24h=2
heat_index_c_roll24h_mean=2
temp_x_rh=2
cloud_cover_lag1h=2
precip_mm_lag1h=2
precip_mm_lag3h=2
wind_ms=1
precip_mm=1
temp_c_lag12h=1
rh_lag12h=1
heat_index_c_roll6h_std=1
wind_ms_lag3h=1

parameters:
[boosting: gbdt]
[objective: quantile]
[metric: quantile]
[tree_learner: serial]
[device_type: cpu]
[data_sample_strategy: bagging]
[data: ]
[valid: ]
[num_iterations: 2000]
[learning_rate: 0.00866619]
[num_leaves: 187]
[num_threads: -1]
[seed: 123]
[deterministic: 0]
[force_col_wise: 0]
[force_row_wise: 0]
[histogram_pool_size: -1]
[max_depth: -1]
[min_data_in_leaf: 36]
[min_sum_hessian_in_leaf: 0.001]
[bagging_fraction: 0.974843]
[pos_bagging_fraction: 1]
[neg_bagging_fraction: 1]
[bagging_freq: 0]
[bagging_seed: 19053]
[bagging_by_query: 0]
[feature_fraction: 0.948315]
[feature_fraction_bynode: 1]
[feature_fraction_seed: 13104]
[extra_trees: 0]
[extra_seed: 3265]
[early_stopping_round: 0]
[early_stopping_min_delta: 0]
[first_metric_only: 0]
[max_delta_step: 0]
[lambda_l1: 3.14594]
[lambda_l2: 4.74095]
[linear_lambda: 0]
[min_gain_to_split: 0]
[drop_rate: 0.1]
[max_drop: 50]
[skip_drop: 0.5]
[xgboost_dart_mode: 0]
[uniform_drop: 0]
[drop_seed: 23075]
[top_rate: 0.2]
[other_rate: 0.1]
[min_data_per_group: 100]
[max_cat_threshold: 32]
[cat_l2: 10]
[cat_smooth: 10]
[max_cat_to_onehot: 4]
[top_k: 20]
[monotone_constraints: ]
[monotone_constraints_method: basic]
[monotone_penalty: 0]
[feature_contri: ]
[forcedsplits_filename: ]
[refit_decay_rate: 0.9]
[cegb_tradeoff: 1]
[cegb_penalty_split: 0]
[cegb_penalty_feature_lazy: ]
[cegb_penalty_feature_coupled: ]
[path_smooth: 0]
[interaction_constraints: ]
[verbosity: -1]
[saved_feature_importance_type: 0]
[use_quantized_grad: 0]
[num_grad_quant_bins: 4]
[quant_train_renew_leaf: 0]
[stochastic_rounding: 1]
[linear_tree: 0]
[max_bin: 255]
[max_bin_by_feature: ]
[min_data_in_bin: 3]
[bin_construct_sample_cnt: 200000]
[data_random_seed: 440]
[is_enable_sparse: 1]
[enable_bundle: 1]
[use_missing: 1]
[zero_as_missing: 0]
[feature_pre_filter: 1]
[pre_partition: 0]
[two_round: 0]
[header: 0]
[label_column: ]
[weight_column: ]
[group_column: ]
[ignore_column: ]
[categorical_feature: ]
[forcedbins_filename: ]
[precise_float_parser: 0]
[parser_config_file: ]
[objective_seed: 32363]
[num_class: 1]
[is_unbalance: 0]
[scale_pos_weight: 1]
[sigmoid: 1]
[boost_from_average: 1]
[reg_sqrt: 0]
[alpha: 0.95]
[fair_c: 1]
[poisson_max_delta_step: 0.7]
[tweedie_variance_power: 1.5]
[lambdarank_truncation_level: 30]
[lambdarank_norm: 1]
[label_gain: ]
[lambdarank_position_bias_regularization: 0]
[eval_at: ]
[multi_error_top_k: 1]
[auc_mu_weights: ]
[num_machines: 1]
[local_listen_port: 12400]
[time_out: 120]
[machine_list_filename: ]
[machines: ]
[gpu_platform_id: -1]
[gpu_device_id: -1]
[gpu_use_dp: 0]
[num_gpu: 1]

end of parameters

pandas_categorical:[]
