tree
version=v4
num_class=1
num_tree_per_iteration=1
label_index=0
max_feature_idx=63
objective=quantile
feature_names=wind_ms precip_mm solar_wm2 cloud_cover pressure_hpa hour_sin hour_cos local_hour_sin local_hour_cos doy_sin doy_cos month station_enc lat lon elevation_m heat_index_c_lag1h heat_index_c_lag3h heat_index_c_lag6h heat_index_c_lag12h heat_index_c_lag24h temp_c_lag1h temp_c_lag3h temp_c_lag6h temp_c_lag12h temp_c_lag24h rh_lag1h rh_lag3h rh_lag6h rh_lag12h rh_lag24h hi_change_3h temp_change_3h heat_index_c_roll3h_mean heat_index_c_roll3h_std heat_index_c_roll6h_mean heat_index_c_roll6h_std heat_index_c_roll24h_mean heat_index_c_roll24h_std temp_c_roll3h_mean temp_c_roll3h_std temp_c_roll6h_mean temp_c_roll6h_std temp_c_roll24h_mean temp_c_roll24h_std temp_x_rh temp_x_evening solar_wm2_lag1h solar_wm2_lag3h solar_wm2_lag6h solar_wm2_roll6h_mean temp_x_solar cloud_cover_lag1h cloud_cover_lag3h cloud_cover_lag6h pressure_hpa_lag1h pressure_hpa_lag3h pressure_hpa_lag6h wind_ms_lag1h wind_ms_lag3h precip_mm_lag1h precip_mm_lag3h _hi_clim hi_residual_lag1h
feature_infos=[0.059999999999999998:8.0399999999999991] [0:123.68000000000001] [0:967.39999999999998] [0:1] [999.70000000000005:1020.1] [-1:1] [-1:1] [-1:1] [-1:1] [-0.99999073973619013:0.82635419872390958] [-0.99996295911626554:1] [1:12] none none none none [15.543062617385331:46.705090229168285] [15.543062617385331:46.705090229168285] [15.543062617385331:46.705090229168285] [15.543062617385331:46.705090229168285] [15.543062617385331:47.117941747531241] [14.83:42.740000000000002] [14.83:42.740000000000002] [14.83:42.740000000000002] [14.83:42.740000000000002] [15.25:42.789999999999999] [26.199999999999999:98.299999999999997] [26.199999999999999:98.299999999999997] [26.199999999999999:98.299999999999997] [26.199999999999999:98.299999999999997] [26.199999999999999:98.299999999999997] [-8.0370101143076411:13.211166289457765] [-8.0100000000000016:11.800000000000001] [15.847133169309267:46.520925982866366] [0.0081557551711664532:4.9032769199001098] [16.59031288783498:45.927445778806828] [0.10493055143379597:6.8091820899401689] [22.575260778152696:41.479553319998374] [0.88478854658695105:6.7367631627095896] [15.219999999999994:42.563333333333333] [0.0057735026954761461:4.388769759283381] [15.766666666666666:41.948333333333331] [0.053166405427821119:6.4665384867022011] [20.677916666666665:35.690416666666664] [0.95711286493927128:6.429854281938189] [918.31299999999999:2708.0299999999997] [0:42.299999999999997] [0:967.39999999999998] [0:967.39999999999998] [0:967.39999999999998] [0:844.45000000000016] [0:37913.484000000004] [0:1] [0:1] [0:1] [999.70000000000005:1020.1] [999.70000000000005:1020.1] [999.70000000000005:1020.1] [0.059999999999999998:8.0399999999999991] [0.059999999999999998:8.0399999999999991] [0:123.68000000000001] [0:123.68000000000001] [19.631991987469316:42.002550586120272] [-9.3100573808761524:7.4108390635408306]
tree_sizes=800 771 772 847 846 846 1027 1025 1027 1027 1027 1028 1027 865 1026 1028 1021 867 865 952 963 694 781 696 695 780 695 770 693 781 770 771 694 762 861 861 861 862 859 953 874 926 939 864 865 865 864 866 780 780 779 787 779 779 861 777 779 786 779 778 872 959 954 873 880 962 874

Tree=0
num_leaves=8
num_cat=0
split_feature=9 6 52 43 17 53 45
split_gain=77.882 45.9849 21.9175 6.10642 13.9011 0.905254 0.0675855
threshold=0.7469444191903023 0.37940952255126048 0.91850000000000021 30.382083333333338 30.738579959986467 0.75650000000000006 1280.4310000000003
decision_type=2 2 2 2 2 2 2
left_child=3 6 -3 -1 -5 -6 -2
right_child=1 2 -4 4 5 -7 -8
leaf_value=36.595423795744971 36.623935525301107 36.665533248547064 36.627830136691173 36.619515784562132 36.611841174277949 36.608818382684106 36.594380392972745
leaf_weight=8718 42 262 202 216 177 669 230
leaf_count=5554 10 34 38 28 57 229 110
internal_value=36.6125 36.6152 36.6168 36.6123 36.6129 36.6124 36.6124
internal_weight=10516 736 464 9780 1062 846 272
internal_count=6060 192 72 5868 314 286 120
is_linear=0
shrinkage=1


Tree=1
num_leaves=7
num_cat=0
split_feature=9 6 43 17 3 30
split_gain=69.9588 51.9068 6.10642 13.9011 1.5138 1.30867
threshold=0.7469444191903023 0.60355339059327384 30.382083333333338 30.738579959986467 0.55350000000000021 35.500000000000007
decision_type=2 2 2 2 2 2
left_child=2 5 -1 -4 -5 -2
right_child=1 -3 3 4 -6 -7
leaf_value=-0.016859392859922627 0.026817212470984127 0.052642478325420253 0.00702381028096913 0.0011973101963482769 -0.0037008773245189907 -0.00030792851420946733
leaf_weight=8718 72 392 216 117 729 272
leaf_count=5554 24 56 28 25 261 112
internal_value=1.26642e-05 0.00258291 -0.000179133 0.000430523 -4.31305e-05 3.81215e-05
internal_weight=10516 736 9780 1062 846 344
internal_count=6060 192 5868 314 286 136
is_linear=0
shrinkage=0.00866619


Tree=2
num_leaves=7
num_cat=0
split_feature=9 6 43 17 3 30
split_gain=67.0243 49.4697 6.10642 13.9011 1.5138 1.30867
threshold=0.7469444191903023 0.60355339059327384 30.382083333333338 30.738579959986467 0.55350000000000021 35.500000000000007
decision_type=2 2 2 2 2 2
left_child=2 5 -1 -4 -5 -2
right_child=1 -3 3 4 -6 -7
leaf_value=-0.016713286211506008 0.026584809497367808 0.052186268772895041 0.006962940628794035 0.0011869340824895707 -0.0036688048301783444 -0.00030525994817408027
leaf_weight=8718 72 392 216 117 729 272
leaf_count=5554 24 56 28 25 261 112
internal_value=8.54562e-06 0.00252442 -0.000179133 0.000430523 -4.31305e-05 3.81215e-05
internal_weight=10516 736 9780 1062 846 344
internal_count=6060 192 5868 314 286 136
is_linear=0
shrinkage=0.00866619


Tree=3
num_leaves=8
num_cat=0
split_feature=9 3 22 43 17 3 34
split_gain=61.3436 46.1453 21.7048 6.10642 13.9011 1.5138 0.701873
threshold=0.7469444191903023 0.31350000000000006 28.045000000000005 30.382083333333338 30.738579959986467 0.55350000000000021 0.23132753541236137
decision_type=2 2 2 2 2 2 2
left_child=3 -2 -3 -1 -5 -6 -4
right_child=1 2 6 4 5 -7 -8
leaf_value=-0.016568445750602116 0.051734012817587056 0.017242560130056164 0.050954054680253359 0.0069025984843971433 0.0011766478899721429 -0.0036370102820658702 -0.012212032282582283
leaf_weight=8718 199 128 87 216 117 729 322
leaf_count=5554 27 20 23 28 25 261 122
internal_value=3.08375e-07 0.00240742 0.00100371 -0.000179133 0.000430523 -4.31305e-05 0
internal_weight=10516 736 537 9780 1062 846 409
internal_count=6060 192 165 5868 314 286 145
is_linear=0
shrinkage=0.00866619


Tree=4
num_leaves=8
num_cat=0
split_feature=9 3 22 43 17 3 34
split_gain=61.3436 46.1453 21.7048 6.10642 13.9011 1.5138 0.701873
threshold=0.7469444191903023 0.31350000000000006 28.045000000000005 30.382083333333338 30.738579959986467 0.55350000000000021 0.23132753541236137
decision_type=2 2 2 2 2 2 2
left_child=3 -2 -3 -1 -5 -6 -4
right_child=1 2 6 4 5 -7 -8
leaf_value=-0.016424860504193419 0.051285676196884102 0.017093132882488215 0.050512477322490548 0.0068427792762975424 0.0011664508395208947 -0.0036054912714476289 -0.01210620052920963
leaf_weight=8718 199 128 87 216 117 729 322
leaf_count=5554 27 20 23 28 25 261 122
internal_value=3.08375e-07 0.00240742 0.00100371 -0.000179133 0.000430523 -4.31305e-05 0
internal_weight=10516 736 537 9780 1062 846 409
internal_count=6060 192 165 5868 314 286 145
is_linear=0
shrinkage=0.00866619


Tree=5
num_leaves=8
num_cat=0
split_feature=9 3 22 43 17 3 34
split_gain=61.3436 46.1453 21.7048 6.10642 13.9011 1.5138 0.701873
threshold=0.7469444191903023 0.31350000000000006 28.045000000000005 30.382083333333338 30.738579959986467 0.55350000000000021 0.23132753541236137
decision_type=2 2 2 2 2 2 2
left_child=3 -2 -3 -1 -5 -6 -4
right_child=1 2 6 4 5 -7 -8
leaf_value=-0.016282519594356549 0.050841224945100308 0.01694500059936567 0.050074726756611371 0.0067834784726315198 0.0011563421586139946 -0.0035742454104641464 -0.012001285933584582
leaf_weight=8718 199 128 87 216 117 729 322
leaf_count=5554 27 20 23 28 25 261 122
internal_value=3.08375e-07 0.00240742 0.00100371 -0.000179133 0.000430523 -4.31305e-05 0
internal_weight=10516 736 537 9780 1062 846 409
internal_count=6060 192 165 5868 314 286 145
is_linear=0
shrinkage=0.00866619


Tree=6
num_leaves=10
num_cat=0
split_feature=9 3 22 43 17 3 34 43 43
split_gain=61.1368 46.1453 21.7048 6.0172 13.9011 1.5138 0.701873 0.0486051 0.0014525
threshold=0.7469444191903023 0.31350000000000006 28.045000000000005 30.382083333333338 30.738579959986467 0.55350000000000021 0.23132753541236137 30.069791666666667 30.20354166666667
decision_type=2 2 2 2 2 2 2 2 2
left_child=3 -2 -3 7 -5 -6 -4 -1 -9
right_child=1 2 6 4 5 -7 -8 8 -10
leaf_value=-0.018643894855640331 0.050400625390902648 0.016798152058284683 0.049640769818922396 0.0067246915808093933 0.0011463210814244439 -0.0035432703319497501 -0.011897280547446735 6.4347883962701349e-05 -0.0088618139752835619
leaf_weight=8446 199 128 87 216 117 729 322 153 119
leaf_count=5442 27 20 23 28 25 261 122 45 67
internal_value=4.427e-06 0.00240742 0.00100371 -0.000174704 0.000430523 -4.31305e-05 0 -0.000251751 -4.39964e-07
internal_weight=10516 736 537 9780 1062 846 409 8718 272
internal_count=6060 192 165 5868 314 286 145 5554 112
is_linear=0
shrinkage=0.00866619


Tree=7
num_leaves=10
num_cat=0
split_feature=9 3 22 43 17 3 34 43 43
split_gain=61.1368 46.1453 21.7048 6.0172 13.9011 1.5138 0.701873 0.0486051 0.0014525
threshold=0.7469444191903023 0.31350000000000006 28.045000000000005 30.382083333333338 30.738579959986467 0.55350000000000021 0.23132753541236137 30.069791666666667 30.20354166666667
decision_type=2 2 2 2 2 2 2 2 2
left_child=3 -2 -3 7 -5 -6 -4 -1 -9
right_child=1 2 6 4 5 -7 -8 8 -10
leaf_value=-0.018482323379524754 0.049963844154760288 0.016652576134096844 0.04921057363313297 0.0066664141471751807 0.0011363868487621314 -0.0035125636892528846 -0.011794176491416839 6.379023317795955e-05 -0.0087850158396935978
leaf_weight=8446 199 128 87 216 117 729 322 153 119
leaf_count=5442 27 20 23 28 25 261 122 45 67
internal_value=4.427e-06 0.00240742 0.00100371 -0.000174704 0.000430523 -4.31305e-05 0 -0.000251751 -4.39964e-07
internal_weight=10516 736 537 9780 1062 846 409 8718 272
internal_count=6060 192 165 5868 314 286 145 5554 112
is_linear=0
shrinkage=0.00866619


Tree=8
num_leaves=10
num_cat=0
split_feature=9 3 22 43 17 3 34 43 43
split_gain=61.1368 46.1453 21.7048 6.0172 13.9011 1.5138 0.701873 0.0486051 0.0014525
threshold=0.7469444191903023 0.31350000000000006 28.045000000000005 30.382083333333338 30.738579959986467 0.55350000000000021 0.23132753541236137 30.069791666666667 30.20354166666667
decision_type=2 2 2 2 2 2 2 2 2
left_child=3 -2 -3 7 -5 -6 -4 -1 -9
right_child=1 2 6 4 5 -7 -8 8 -10
leaf_value=-0.018322152112008133 0.049530848146415507 0.016508261798066404 0.048784105607864475 0.0066086417566689655 0.0011265387080160753 -0.0034821231560586484 -0.011691965954399756 6.3237415099116773e-05 -0.0087088832510951314
leaf_weight=8446 199 128 87 216 117 729 322 153 119
leaf_count=5442 27 20 23 28 25 261 122 45 67
internal_value=4.427e-06 0.00240742 0.00100371 -0.000174704 0.000430523 -4.31305e-05 0 -0.000251751 -4.39964e-07
internal_weight=10516 736 537 9780 1062 846 409 8718 272
internal_count=6060 192 165 5868 314 286 145 5554 112
is_linear=0
shrinkage=0.00866619


Tree=9
num_leaves=10
num_cat=0
split_feature=9 3 22 43 17 3 34 43 43
split_gain=61.1368 46.1453 21.7048 6.0172 13.9011 1.5138 0.701873 0.0486051 0.0014525
threshold=0.7469444191903023 0.31350000000000006 28.045000000000005 30.382083333333338 30.738579959986467 0.55350000000000021 0.23132753541236137 30.069791666666667 30.20354166666667
decision_type=2 2 2 2 2 2 2 2 2
left_child=3 -2 -3 7 -5 -6 -4 -1 -9
right_child=1 2 6 4 5 -7 -8 8 -10
leaf_value=-0.018163368918621105 0.049101604562377006 0.016365198117034723 0.048361333434181288 0.0065513700324926639 0.0011167759130977094 -0.0034519464262123749 -0.011590641192992758 6.2689387845034052e-05 -0.0086334104417335258
leaf_weight=8446 199 128 87 216 117 729 322 153 119
leaf_count=5442 27 20 23 28 25 261 122 45 67
internal_value=4.427e-06 0.00240742 0.00100371 -0.000174704 0.000430523 -4.31305e-05 0 -0.000251751 -4.39964e-07
internal_weight=10516 736 537 9780 1062 846 409 8718 272
internal_count=6060 192 165 5868 314 286 145 5554 112
is_linear=0
shrinkage=0.00866619


Tree=10
num_leaves=10
num_cat=0
split_feature=9 3 7 43 17 3 63 43 43
split_gain=61.1368 46.1453 20.5195 6.0172 13.9011 1.5138 0.3769 0.0486051 0.0014525
threshold=0.7469444191903023 0.31350000000000006 0.91597561503675362 30.382083333333338 30.738579959986467 0.55350000000000021 -1.2858351119821589 30.069791666666667 30.20354166666667
decision_type=2 2 2 2 2 2 2 2 2
left_child=3 -2 6 7 -5 -6 -3 -1 -9
right_child=1 2 -4 4 5 -7 -8 8 -10
leaf_value=-0.018005961770053907 0.048676080883434739 0.015596863681942212 0.047942225083143095 0.0064945946357783686 0.0011070977243841109 -0.0034220312135450023 -0.0027217931249650267 6.2146109897506986e-05 -0.0085585916938386852
leaf_weight=8446 199 77 145 216 117 729 315 153 119
leaf_count=5442 27 33 21 28 25 261 111 45 67
internal_value=4.427e-06 0.00240742 0.00100371 -0.000174704 0.000430523 -4.31305e-05 0 -0.000251751 -4.39964e-07
internal_weight=10516 736 537 9780 1062 846 392 8718 272
internal_count=6060 192 165 5868 314 286 144 5554 112
is_linear=0
shrinkage=0.00866619


Tree=11
num_leaves=10
num_cat=0
split_feature=9 3 22 43 17 3 34 43 43
split_gain=61.1368 46.1453 21.7048 6.0172 13.9011 1.5138 0.701873 0.0486051 0.0014525
threshold=0.7469444191903023 0.31350000000000006 28.045000000000005 30.382083333333338 30.738579959986467 0.55350000000000021 0.23132753541236137 30.069791666666667 30.20354166666667
decision_type=2 2 2 2 2 2 2 2 2
left_child=3 -2 -3 7 -5 -6 -4 -1 -9
right_child=1 2 6 4 5 -7 -8 8 -10
leaf_value=-0.017849918741245085 0.048254244872196081 0.015807897972827101 0.047526748803378316 0.0064383112652595248 0.0010975034086620867 -0.0033923752516997305 -0.011466606963156937 6.1607540098186953e-05 -0.0084844213391916841
leaf_weight=8446 199 128 87 216 117 729 322 153 119
leaf_count=5442 27 20 23 28 25 261 122 45 67
internal_value=4.427e-06 0.00240742 0.00100371 -0.000174704 0.000430523 -4.31305e-05 0 -0.000251751 -4.39964e-07
internal_weight=10516 736 537 9780 1062 846 409 8718 272
internal_count=6060 192 165 5868 314 286 145 5554 112
is_linear=0
shrinkage=0.00866619


Tree=12
num_leaves=10
num_cat=0
split_feature=9 3 22 43 17 3 34 43 43
split_gain=61.1368 46.1453 21.7048 6.0172 13.9011 1.5138 0.701873 0.0486051 0.0014525
threshold=0.7469444191903023 0.31350000000000006 28.045000000000005 30.382083333333338 30.738579959986467 0.55350000000000021 0.23132753541236137 30.069791666666667 30.20354166666667
decision_type=2 2 2 2 2 2 2 2 2
left_child=3 -2 -3 7 -5 -6 -4 -1 -9
right_child=1 2 6 4 5 -7 -8 8 -10
leaf_value=-0.017695228010477869 0.047836064570643717 0.015670903775556078 0.04711487311867868 0.0063825156569451936 0.0010879922390726329 -0.0033629762939605332 -0.011367235204872581 6.1073637645379101e-05 -0.0084108937586955639
leaf_weight=8446 199 128 87 216 117 729 322 153 119
leaf_count=5442 27 20 23 28 25 261 122 45 67
internal_value=4.427e-06 0.00240742 0.00100371 -0.000174704 0.000430523 -4.31305e-05 0 -0.000251751 -4.39964e-07
internal_weight=10516 736 537 9780 1062 846 409 8718 272
internal_count=6060 192 165 5868 314 286 145 5554 112
is_linear=0
shrinkage=0.00866619


Tree=13
num_leaves=8
num_cat=0
split_feature=43 43 33 38 40 22 60
split_gain=59.7184 13.5232 16.1837 24.8933 5.33282 0.188827 0.0547061
threshold=35.068958333333342 29.764166666666672 33.152352426220823 4.3841150463966772 1.9075458319787106 27.425000000000004 0.27500000000000008
decision_type=2 2 2 2 2 2 2
left_child=1 -1 3 -3 5 -4 -5
right_child=-2 2 4 6 -6 -7 -8
leaf_value=-0.020571535294630822 0.047421508297714514 0.013110918607331646 0.0010785634950558828 6.054436209096345e-05 0.0095502480346973343 -0.0024126552917979058 -0.0092612038138778722
leaf_weight=8206 255 383 72 103 98 1157 242
leaf_count=5358 43 67 8 19 22 481 62
internal_value=4.427e-06 -9.68143e-05 0.000526786 0.00156134 -2.38433e-05 -0.000201767 -5.46138e-05
internal_weight=10516 10261 2055 728 1327 1229 345
internal_count=6060 6017 659 148 511 489 81
is_linear=0
shrinkage=0.00866619


Tree=14
num_leaves=10
num_cat=0
split_feature=9 3 22 43 17 3 34 43 43
split_gain=61.1368 46.1453 21.7048 6.0172 13.9011 1.5138 0.701873 0.0486051 0.0014525
threshold=0.7469444191903023 0.31350000000000006 28.045000000000005 30.382083333333338 30.738579959986467 0.55350000000000021 0.23132753541236137 30.069791666666667 30.20354166666667
decision_type=2 2 2 2 2 2 2 2 2
left_child=3 -2 -3 7 -5 -6 -4 -1 -9
right_child=1 2 6 4 5 -7 -8 8 -10
leaf_value=-0.017363601090177969 0.047010544646899348 0.015421475125389012 0.046295603174799478 0.00621358191359232 0.0010692164622963672 -0.0033129235915591868 -0.011151193282372046 6.0019673337377706e-05 -0.0083385280707030038
leaf_weight=8446 199 128 87 216 117 729 322 153 119
leaf_count=5442 27 20 23 28 25 261 122 45 67
internal_value=4.427e-06 0.00240742 0.00100371 -0.000174704 0.000430523 -4.31305e-05 0 -0.000251751 -4.39964e-07
internal_weight=10516 736 537 9780 1062 846 409 8718 272
internal_count=6060 192 165 5868 314 286 145 5554 112
is_linear=0
shrinkage=0.00866619


Tree=15
num_leaves=10
num_cat=0
split_feature=9 3 22 43 17 3 34 43 43
split_gain=61.1368 46.1453 21.7048 6.0172 13.9011 1.5138 0.701873 0.0486051 0.0014525
threshold=0.7469444191903023 0.31350000000000006 28.045000000000005 30.382083333333338 30.738579959986467 0.55350000000000021 0.23132753541236137 30.069791666666667 30.20354166666667
decision_type=2 2 2 2 2 2 2 2 2
left_child=3 -2 -3 7 -5 -6 -4 -1 -9
right_child=1 2 6 4 5 -7 -8 8 -10
leaf_value=-0.017213124879035188 0.046603142483863748 0.015287829740710492 0.045894396828135862 0.0061597338518263956 0.0010599504326690716 -0.0032842131767509769 -0.011054554957975049 5.9499531634599903e-05 -0.0082662648285292944
leaf_weight=8446 199 128 87 216 117 729 322 153 119
leaf_count=5442 27 20 23 28 25 261 122 45 67
internal_value=4.427e-06 0.00240742 0.00100371 -0.000174704 0.000430523 -4.31305e-05 0 -0.000251751 -4.39964e-07
internal_weight=10516 736 537 9780 1062 846 409 8718 272
internal_count=6060 192 165 5868 314 286 145 5554 112
is_linear=0
shrinkage=0.00866619


Tree=16
num_leaves=10
num_cat=0
split_feature=9 3 22 43 61 43 63 34 9
split_gain=61.6807 46.1453 21.7048 4.45836 10.777 1.11678 3.993 0.701873 0.125021
threshold=0.7469444191903023 0.31350000000000006 28.045000000000005 31.193125000000006 0.88500000000000012 30.069791666666667 1.8562470569120484 0.23132753541236137 0.2093127076542077
decision_type=2 2 2 2 2 2 2 2 2
left_child=3 -2 -3 5 -5 -1 8 -4 -7
right_child=1 2 7 4 -6 6 -8 -9 -10
leaf_value=-0.017063952722852077 0.04619927094408928 0.015155342551904982 0.04549666741063102 0.00610635244742435 -0.0026644613907319359 5.8983897576946471e-05 0.0031598476018169595 -0.010958754119352545 -0.0032325359172937578
leaf_weight=8446 199 128 87 102 242 121 146 322 723
leaf_count=5442 27 20 23 14 78 49 58 122 227
internal_value=-1.09864e-06 0.00240742 0.00100371 -0.000186218 0.000758769 -0.000223921 2.74784e-05 0 -0.000175358
internal_weight=10516 736 537 9780 344 9436 990 409 844
internal_count=6060 192 165 5868 92 5776 334 145 276
is_linear=0
shrinkage=0.00866619


Tree=17
num_leaves=8
num_cat=0
split_feature=9 6 43 33 17 43 43
split_gain=61.7411 37.9056 8.5501 15.532 1.26918 0.0486051 0.0014525
threshold=0.79091635943066529 0.60355339059327384 30.382083333333338 33.152352426220823 33.380392284281761 30.069791666666667 30.20354166666667
decision_type=2 2 2 2 2 2 2
left_child=2 -2 5 -4 -5 -1 -7
right_child=1 -3 3 4 -6 6 -8
leaf_value=-0.016916073320444761 0.0045879269517545666 0.045798899430535056 0.0037633832986669739 0.0082558385845619472 -0.0020532082312680958 5.8472732100424383e-05 -0.0081666140729094935
leaf_weight=8446 192 220 413 97 876 153 119
leaf_count=5442 68 28 57 13 340 45 67
internal_value=-1.18071e-05 0.00325432 -0.000149147 0.00047529 -9.78885e-05 -0.000251751 -4.39964e-07
internal_weight=10516 412 10104 1386 973 8718 272
internal_count=6060 96 5964 410 353 5554 112
is_linear=0
shrinkage=0.00866619


Tree=18
num_leaves=8
num_cat=0
split_feature=9 28 43 17 59 43 43
split_gain=62.1538 37.2 6.78149 11.2216 2.45869 0.0486051 0.0014525
threshold=0.79091635943066529 66.950000000000017 30.382083333333338 32.52003635793735 0.83500000000000008 30.069791666666667 30.20354166666667
decision_type=2 2 2 2 2 2 2
left_child=2 -2 5 -4 -5 -1 -7
right_child=1 -3 3 4 -6 6 -8
leaf_value=-0.016769475468567455 0.0096106367341523315 0.045401997611319911 0.0052073587264607011 0.010811743489176443 -0.0017960519745632401 5.7965996479406007e-05 -0.008095840669559852
leaf_weight=8446 162 250 396 78 912 153 119
leaf_count=5442 54 42 52 22 336 45 67
internal_value=-2.25155e-05 0.00325432 -0.000160292 0.000394283 -7.45227e-05 -0.000251751 -4.39964e-07
internal_weight=10516 412 10104 1386 990 8718 272
internal_count=6060 96 5964 410 358 5554 112
is_linear=0
shrinkage=0.00866619


Tree=19
num_leaves=9
num_cat=0
split_feature=43 9 35 43 17 3 43 43
split_gain=60.6696 8.7957 21.9333 3.18246 10.4261 0.137903 0.0539496 0.000924229
threshold=35.068958333333342 0.7236172338812249 34.347394492603236 30.382083333333338 30.654121705411754 0.52650000000000008 30.069791666666667 30.20354166666667
decision_type=2 2 2 2 2 2 2 2
left_child=1 3 -3 6 -5 -6 -1 -8
right_child=-2 2 -4 4 5 -7 7 -9
leaf_value=-0.017562020041396328 0.045008535417424472 0.011838747454481675 -2.943586097221524e-05 0.005975691529824992 0.00090670629123620027 -0.0030152790098796479 5.7463652323919736e-05 -0.0080256806017464655
leaf_weight=8381 255 197 428 203 101 685 150 116
leaf_count=5425 43 37 160 27 21 241 42 64
internal_value=-2.25155e-05 -0.000129738 0.000854646 -0.000196802 0.000254508 -0.000169151 -0.000251683 0
internal_weight=10516 10261 625 9636 989 786 8647 266
internal_count=6060 6017 197 5820 289 262 5531 106
is_linear=0
shrinkage=0.00866619


Tree=20
num_leaves=9
num_cat=0
split_feature=43 9 35 43 17 52 43 43
split_gain=60.9917 8.26328 20.9922 2.95025 10.6585 0.145508 0.0486051 0.0014525
threshold=35.068958333333342 0.7469444191903023 34.347394492603236 30.382083333333338 30.654121705411754 0.54550000000000021 30.069791666666667 30.20354166666667
decision_type=2 2 2 2 2 2 2 2
left_child=1 3 -3 6 -5 -6 -1 -8
right_child=-2 2 -4 4 5 -7 7 -9
leaf_value=-0.016396024489320999 0.044618483040413118 0.014843664598098981 -3.0079336294287297e-05 0.005923905070570573 0.00089884860511357768 -0.00012399333460793563 5.6965661576755856e-05 -0.0079561285541889775
leaf_weight=8446 255 146 335 203 99 760 153 119
leaf_count=5442 43 26 123 27 27 260 45 67
internal_value=-3.32239e-05 -0.000140712 0.000953148 -0.000197732 0.0002193 -0.000176828 -0.000251751 -4.39964e-07
internal_weight=10516 10261 481 9780 1062 859 8718 272
internal_count=6060 6017 149 5868 314 287 5554 112
is_linear=0
shrinkage=0.00866619


Tree=21
num_leaves=6
num_cat=0
split_feature=43 43 17 59 34
split_gain=61.3146 5.80834 12.6448 5.34161 1.31039
threshold=35.068958333333342 29.764166666666672 30.162371942863306 0.94500000000000006 2.3436845260614225
decision_type=2 2 2 2 2
left_child=1 -1 -3 -4 -5
right_child=-2 2 3 4 -6
leaf_value=-0.019359518738820164 0.0442318109301756 0.010681274526482565 0.014715026627404083 -0.00011504043582480643 0.0079079292332885631
leaf_weight=8206 255 290 135 1526 104
leaf_count=5358 43 50 39 554 16
internal_value=-4.39323e-05 -0.000151686 0.000253304 -8.83397e-06 -0.000163035
internal_weight=10516 10261 2055 1765 1630
internal_count=6060 6017 659 609 570
is_linear=0
shrinkage=0.00866619


Tree=22
num_leaves=7
num_cat=0
split_feature=43 9 43 43 17 52
split_gain=61.439 5.36623 18.2517 3.0129 10.6585 0.145508
threshold=35.068958333333342 0.7469444191903023 31.102500000000003 30.382083333333338 30.654121705411754 0.54550000000000021
decision_type=2 2 2 2 2 2
left_child=1 3 -3 -1 -5 -6
right_child=-2 2 -4 4 5 -7
leaf_value=-0.015091601071082468 0.043848489792688558 0.014587503457397011 -1.6467579843452177e-05 0.0057800014817854413 0.00082252742296843131 -0.00012192182329393457
leaf_weight=8718 255 118 363 203 99 760
leaf_count=5554 43 38 111 27 27 260
internal_value=-4.80509e-05 -0.000155907 0.000721213 -0.000202161 0.0002193 -0.000176828
internal_weight=10516 10261 481 9780 1062 859
internal_count=6060 6017 149 5868 314 287
is_linear=0
shrinkage=0.00866619


Tree=23
num_leaves=6
num_cat=0
split_feature=43 43 17 59 34
split_gain=61.3146 5.80834 12.6448 5.34161 1.31039
threshold=35.068958333333342 29.764166666666672 30.162371942863306 0.94500000000000006 2.3436845260614225
decision_type=2 2 2 2 2
left_child=1 -1 -3 -4 -5
right_child=-2 2 3 4 -6
leaf_value=-0.019060958897938227 0.043468490587796081 0.010462290575430249 0.014461085427006776 -0.00018650042470989874 0.0077129796106997391
leaf_weight=8206 255 290 135 1526 104
leaf_count=5358 43 50 39 554 16
internal_value=-4.39323e-05 -0.000151686 0.000253304 -8.83397e-06 -0.000163035
internal_weight=10516 10261 2055 1765 1630
internal_count=6060 6017 659 609 570
is_linear=0
shrinkage=0.00866619


Tree=24
num_leaves=6
num_cat=0
split_feature=43 43 17 59 34
split_gain=61.3146 5.80834 12.6448 5.34161 1.31039
threshold=35.068958333333342 29.764166666666672 30.162371942863306 0.94500000000000006 2.3436845260614225
decision_type=2 2 2 2 2
left_child=1 -1 -3 -4 -5
right_child=-2 2 3 4 -6
leaf_value=-0.018895773066910752 0.043091784527009597 0.010371622410601423 0.014335762958886977 -0.0001848841771849034 0.0076461374883535476
leaf_weight=8206 255 290 135 1526 104
leaf_count=5358 43 50 39 554 16
internal_value=-4.39323e-05 -0.000151686 0.000253304 -8.83397e-06 -0.000163035
internal_weight=10516 10261 2055 1765 1630
internal_count=6060 6017 659 609 570
is_linear=0
shrinkage=0.00866619


Tree=25
num_leaves=7
num_cat=0
split_feature=43 9 43 43 17 52
split_gain=61.439 5.36623 18.2517 3.0129 10.6585 0.145508
threshold=35.068958333333342 0.7469444191903023 31.102500000000003 30.382083333333338 30.654121705411754 0.54550000000000021
decision_type=2 2 2 2 2 2
left_child=1 3 -3 -1 -5 -6
right_child=-2 2 -4 4 5 -7
leaf_value=-0.01463187430580885 0.042718343071327089 0.014211526558690308 -1.3106380372883567e-05 0.0055493603266472792 0.00068229426827387204 -0.00011764673764725878
leaf_weight=8718 255 118 363 203 99 760
leaf_count=5554 43 38 111 27 27 260
internal_value=-4.80509e-05 -0.000155907 0.000721213 -0.000202161 0.0002193 -0.000176828
internal_weight=10516 10261 481 9780 1062 859
internal_count=6060 6017 149 5868 314 287
is_linear=0
shrinkage=0.00866619


Tree=26
num_leaves=6
num_cat=0
split_feature=43 43 17 59 34
split_gain=61.3146 5.80834 12.6448 5.34161 1.31039
threshold=35.068958333333342 29.764166666666672 30.162371942863306 0.94500000000000006 2.3436845260614225
decision_type=2 2 2 2 2
left_child=1 -1 -3 -4 -5
right_child=-2 2 3 4 -6
leaf_value=-0.018605216210704687 0.042348137929070717 0.010158580248687739 0.014088366814349216 -0.00037120554106017853 0.007456714887986879
leaf_weight=8206 255 290 135 1526 104
leaf_count=5358 43 50 39 554 16
internal_value=-4.39323e-05 -0.000151686 0.000253304 -8.83397e-06 -0.000163035
internal_weight=10516 10261 2055 1765 1630
internal_count=6060 6017 659 609 570
is_linear=0
shrinkage=0.00866619


Tree=27
num_leaves=7
num_cat=0
split_feature=43 43 17 4 34 58
split_gain=61.763 4.25172 11.536 2.21345 0.499378 0.172631
threshold=35.068958333333342 29.764166666666672 30.162371942863306 1009.85 2.3153704709097096 0.94500000000000006
decision_type=2 2 2 2 2 2
left_child=1 -1 -3 4 5 -4
right_child=-2 2 3 -5 -6 -7
leaf_value=-0.018443979930952623 0.041981141053743745 0.010070544094293648 0.0097380599000612689 0.013966274395362898 0.0023802196116170047 -0.00062890320190597349
leaf_weight=8206 255 290 101 104 99 1461
leaf_count=5358 43 50 33 24 15 537
internal_value=-5.87593e-05 -0.000166882 0.00017757 -7.24933e-05 -0.000164839 -0.000214141
internal_weight=10516 10261 2055 1765 1661 1562
internal_count=6060 6017 659 609 585 570
is_linear=0
shrinkage=0.00866619


Tree=28
num_leaves=6
num_cat=0
split_feature=43 43 17 34 59
split_gain=61.763 4.25172 11.536 1.80319 1.09759
threshold=35.068958333333342 29.764166666666672 30.162371942863306 2.3153704709097096 0.94500000000000006
decision_type=2 2 2 2 2
left_child=1 -1 -3 4 -4
right_child=-2 2 3 -5 -6
leaf_value=-0.018284140954925157 0.041617324641905477 0.009983270877661609 0.013845240052090398 0.0072710592603339678 -0.00054782130477027356
leaf_weight=8206 255 290 125 124 1516
leaf_count=5358 43 50 37 20 552
internal_value=-5.87593e-05 -0.000166882 0.00017757 -7.24933e-05 -0.000163683
internal_weight=10516 10261 2055 1765 1641
internal_count=6060 6017 659 609 589
is_linear=0
shrinkage=0.00866619


Tree=29
num_leaves=7
num_cat=0
split_feature=43 9 17 43 17 52
split_gain=61.439 5.36623 14.8007 3.0129 10.6585 0.145508
threshold=35.068958333333342 0.7469444191903023 33.841393672589327 30.382083333333338 30.654121705411754 0.54550000000000021
decision_type=2 2 2 2 2 2
left_child=1 3 -3 -1 -5 -6
right_child=-2 2 -4 4 5 -7
leaf_value=-0.014006621649127252 0.041256661131065173 0.013725254615049923 -0.00025911776134825333 0.0052394422715950507 0.00052812030840684334 -0.00010321253804024859
leaf_weight=8718 255 138 343 203 99 760
leaf_count=5554 43 26 123 27 27 260
internal_value=-4.80509e-05 -0.000155907 0.000721213 -0.000202161 0.0002193 -0.000176828
internal_weight=10516 10261 481 9780 1062 859
internal_count=6060 6017 149 5868 314 287
is_linear=0
shrinkage=0.00866619


Tree=30
num_leaves=7
num_cat=0
split_feature=43 43 17 4 34 58
split_gain=61.763 4.25172 11.536 2.21345 0.499378 0.172631
threshold=35.068958333333342 29.764166666666672 30.162371942863306 1009.85 2.3153704709097096 0.94500000000000006
decision_type=2 2 2 2 2 2
left_child=1 -1 -3 4 5 -4
right_child=-2 2 3 -5 -6 -7
leaf_value=-0.018004303173215299 0.04089912319759368 0.0097778083662045483 0.0094147369957091678 0.013606308994224074 0.0022511738401075356 -0.00076665654123594614
leaf_weight=8206 255 290 101 104 99 1461
leaf_count=5358 43 50 33 24 15 537
internal_value=-5.87593e-05 -0.000166882 0.00017757 -7.24933e-05 -0.000164839 -0.000214141
internal_weight=10516 10261 2055 1765 1661 1562
internal_count=6060 6017 659 609 585 570
is_linear=0
shrinkage=0.00866619


Tree=31
num_leaves=7
num_cat=0
split_feature=43 43 17 4 34 58
split_gain=61.763 4.25172 11.536 2.21345 0.499378 0.172631
threshold=35.068958333333342 29.764166666666672 30.162371942863306 1009.85 2.3153704709097096 0.94500000000000006
decision_type=2 2 2 2 2 2
left_child=1 -1 -3 4 5 -4
right_child=-2 2 3 -5 -6 -7
leaf_value=-0.017848274518116544 0.040544683754653602 0.0096930720520848439 0.0093331471259199082 0.013488394178371286 0.0022316647470153853 -0.00076001255241276453
leaf_weight=8206 255 290 101 104 99 1461
leaf_count=5358 43 50 33 24 15 537
internal_value=-5.87593e-05 -0.000166882 0.00017757 -7.24933e-05 -0.000164839 -0.000214141
internal_weight=10516 10261 2055 1765 1661 1562
internal_count=6060 6017 659 609 585 570
is_linear=0
shrinkage=0.00866619


Tree=32
num_leaves=6
num_cat=0
split_feature=43 43 17 3 33
split_gain=56.7341 5.35072 10.7992 2.15206 4.50076
threshold=35.068958333333342 29.764166666666672 30.162371942863306 0.82050000000000012 35.109555818774204
decision_type=2 2 2 2 2
left_child=1 -1 -3 4 -4
right_child=-2 2 3 -5 -6
leaf_value=-0.017693598036494191 0.040193315950147031 0.009609070078694805 0.0088010514848266049 -0.003979885599439857 -0.00062081306949165181
leaf_weight=8206 255 290 245 1182 338
leaf_count=5358 43 50 37 490 82
internal_value=-5.21695e-05 -0.000155907 0.000232267 -8.83397e-06 0.000403481
internal_weight=10516 10261 2055 1765 583
internal_count=6060 6017 659 609 119
is_linear=0
shrinkage=0.00866619


Tree=33
num_leaves=7
num_cat=0
split_feature=43 43 17 4 3 17
split_gain=56.7341 5.35072 15.4475 2.30442 0.156268 0.0645998
threshold=35.068958333333342 29.764166666666672 30.738579959986467 1009.85 0.68650000000000022 34.446949803363417
decision_type=2 2 2 2 2 2
left_child=1 -1 -3 4 5 -4
right_child=-2 2 3 -5 -6 -7
leaf_value=-0.017540262010160249 0.039844993164681444 0.0045842049420990825 -0.00015075777654579439 0.0132952296778479 -0.0029128362300445986 -0.0045971285982838814
leaf_weight=8206 255 345 170 104 1225 211
leaf_count=5358 43 57 26 24 505 47
internal_value=-5.21695e-05 -0.000155907 0.000232267 -9.17491e-05 -0.000188492 0
internal_weight=10516 10261 2055 1710 1606 381
internal_count=6060 6017 659 602 578 73
is_linear=0
shrinkage=0.00866619


Tree=34
num_leaves=8
num_cat=0
split_feature=43 43 17 4 34 58 34
split_gain=56.9258 4.1489 11.536 2.21345 0.499378 0.172631 0.155275
threshold=35.068958333333342 29.764166666666672 30.162371942863306 1009.85 2.3153704709097096 0.94500000000000006 3.6991874718888584
decision_type=2 2 2 2 2 2 2
left_child=1 6 -3 4 5 -4 -1
right_child=-2 2 3 -5 -6 -7 -8
leaf_value=-0.017814441850070774 0.03949968900955296 0.0094860685055911057 0.0091772992677488213 0.013180010733470734 0.0020963255903643356 -0.00064364722050329543 1.6551936722857929e-05
leaf_weight=8053 255 290 101 104 99 1461 153
leaf_count=5313 43 50 33 24 15 537 45
internal_value=-5.87593e-05 -0.000162661 0.00017757 -7.24933e-05 -0.000164839 -0.000214141 -0.000251237
internal_weight=10516 10261 2055 1765 1661 1562 8206
internal_count=6060 6017 659 609 585 570 5358
is_linear=0
shrinkage=0.00866619


Tree=35
num_leaves=8
num_cat=0
split_feature=43 43 17 4 34 59 34
split_gain=56.9258 4.1489 11.536 2.21345 0.499378 0.172631 0.155275
threshold=35.068958333333342 29.764166666666672 30.162371942863306 1009.85 2.3153704709097096 0.97500000000000009 3.6991874718888584
decision_type=2 2 2 2 2 2 2
left_child=1 6 -3 4 5 -4 -1
right_child=-2 2 3 -5 -6 -7 -8
leaf_value=-0.017660058568670759 0.039157377324747035 0.0094038604636101451 0.0090977670776712961 0.013065790297992279 0.002078158441135233 -0.00063806925343578224 1.6408494546755232e-05
leaf_weight=8053 255 290 101 104 99 1461 153
leaf_count=5313 43 50 33 24 15 537 45
internal_value=-5.87593e-05 -0.000162661 0.00017757 -7.24933e-05 -0.000164839 -0.000214141 -0.000251237
internal_weight=10516 10261 2055 1765 1661 1562 8206
internal_count=6060 6017 659 609 585 570 5358
is_linear=0
shrinkage=0.00866619


Tree=36
num_leaves=8
num_cat=0
split_feature=43 43 17 4 34 58 34
split_gain=56.9258 4.1489 11.536 2.21345 0.499378 0.172631 0.155275
threshold=35.068958333333342 29.764166666666672 30.162371942863306 1009.85 2.3153704709097096 0.94500000000000006 3.6991874718888584
decision_type=2 2 2 2 2 2 2
left_child=1 6 -3 4 5 -4 -1
right_child=-2 2 3 -5 -6 -7 -8
leaf_value=-0.017507013201631241 0.038818032176956771 0.0093223648518801754 0.0090189241284122333 0.012952559718147832 0.0020601487318155694 -0.0006325396260730737 1.6266295467375697e-05
leaf_weight=8053 255 290 101 104 99 1461 153
leaf_count=5313 43 50 33 24 15 537 45
internal_value=-5.87593e-05 -0.000162661 0.00017757 -7.24933e-05 -0.000164839 -0.000214141 -0.000251237
internal_weight=10516 10261 2055 1765 1661 1562 8206
internal_count=6060 6017 659 609 585 570 5358
is_linear=0
shrinkage=0.00866619


Tree=37
num_leaves=8
num_cat=0
split_feature=43 43 17 4 34 58 34
split_gain=56.9258 4.1489 11.536 2.21345 0.499378 0.172631 0.155275
threshold=35.068958333333342 29.764166666666672 30.162371942863306 1009.85 2.3153704709097096 0.94500000000000006 3.6991874718888584
decision_type=2 2 2 2 2 2 2
left_child=1 6 -3 4 5 -4 -1
right_child=-2 2 3 -5 -6 -7 -8
leaf_value=-0.017355294154336461 0.038481627857618196 0.0092415754963474823 0.0089407644468819068 0.012840310415663515 0.0020422950980017009 -0.00062705791949417263 1.6125328711768426e-05
leaf_weight=8053 255 290 101 104 99 1461 153
leaf_count=5313 43 50 33 24 15 537 45
internal_value=-5.87593e-05 -0.000162661 0.00017757 -7.24933e-05 -0.000164839 -0.000214141 -0.000251237
internal_weight=10516 10261 2055 1765 1661 1562 8206
internal_count=6060 6017 659 609 585 570 5358
is_linear=0
shrinkage=0.00866619


Tree=38
num_leaves=8
num_cat=0
split_feature=43 43 17 4 34 58 34
split_gain=56.9258 4.1489 11.536 2.21345 0.499378 0.172631 0.155275
threshold=35.068958333333342 29.764166666666672 30.162371942863306 1009.85 2.3153704709097096 0.94500000000000006 3.6991874718888584
decision_type=2 2 2 2 2 2 2
left_child=1 6 -3 4 5 -4 -1
right_child=-2 2 3 -5 -6 -7 -8
leaf_value=-0.017204889932651672 0.038148138880962426 0.0091614862764639888 0.0088632821117545241 0.012729033886606457 0.0020245961871141146 -0.00062162371840866 1.5985583600394756e-05
leaf_weight=8053 255 290 101 104 99 1461 153
leaf_count=5313 43 50 33 24 15 537 45
internal_value=-5.87593e-05 -0.000162661 0.00017757 -7.24933e-05 -0.000164839 -0.000214141 -0.000251237
internal_weight=10516 10261 2055 1765 1661 1562 8206
internal_count=6060 6017 659 609 585 570 5358
is_linear=0
shrinkage=0.00866619


Tree=39
num_leaves=9
num_cat=0
split_feature=43 43 17 3 59 34 34 43
split_gain=56.9258 3.66927 11.8265 1.17278 0.539228 0.305362 0.167602 0.0467956
threshold=35.068958333333342 29.764166666666672 30.162371942863306 0.16100000000000003 0.83500000000000008 3.3744992985553743 2.2470780090211906 28.167708333333341
decision_type=2 2 2 2 2 2 2 2
left_child=1 5 -3 -4 -5 -1 -6 -7
right_child=-2 2 3 4 6 7 -8 -9
leaf_value=-0.017684814696333782 0.037817539982085153 0.0090820911247233398 0.0094595149875551249 0.012618721700740323 -0.00062325372539932789 -0.0057038349379411133 0.0020070506582950255 8.1893829831525025e-05
leaf_weight=7901 255 290 97 91 1470 153 107 152
leaf_count=5269 43 50 17 27 550 57 15 32
internal_value=-5.87593e-05 -0.000162661 0.000156533 -9.69776e-05 -0.000165237 -0.00024596 -0.000214575 0
internal_weight=10516 10261 2055 1765 1668 8206 1577 305
internal_count=6060 6017 659 609 592 5358 565 89
is_linear=0
shrinkage=0.00866619


Tree=40
num_leaves=8
num_cat=0
split_feature=43 43 17 3 59 31 31
split_gain=52.401 3.66927 11.8265 1.17278 0.539228 0.181682 0.166707
threshold=35.068958333333342 29.764166666666672 30.162371942863306 0.16100000000000003 0.83500000000000008 10.092894705805747 6.3756127128503577
decision_type=2 2 2 2 2 2 2
left_child=1 5 -3 -4 -5 -1 -6
right_child=-2 2 3 4 6 -7 -8
leaf_value=-0.016886236281957446 0.037489806115032359 0.0090033840262012822 0.0093775370633225174 0.012509365500886884 -0.00061707281280677347 8.1184122601745055e-05 0.0019896571823067766
leaf_weight=8089 255 290 97 91 1469 117 108
leaf_count=5313 43 50 17 27 545 45 20
internal_value=-6.28779e-05 -0.000162661 0.000156533 -9.69776e-05 -0.000165237 -0.00024596 -0.000214575
internal_weight=10516 10261 2055 1765 1668 8206 1577
internal_count=6060 6017 659 609 592 5358 565
is_linear=0
shrinkage=0.00866619


Tree=41
num_leaves=9
num_cat=0
split_feature=43 43 17 4 34 3 41 43
split_gain=52.401 3.66927 11.1714 1.15087 0.305362 0.156268 0.073204 0.0467956
threshold=35.068958333333342 29.764166666666672 30.738579959986467 1009.85 3.3744992985553743 0.68650000000000022 28.58666666666667 28.167708333333341
decision_type=2 2 2 2 2 2 2 2
left_child=1 4 -3 5 -1 6 -4 -6
right_child=-2 2 3 -5 7 -7 -8 -9
leaf_value=-0.01738521550953951 0.037164912450902983 0.0039837678780986815 0.0085687065545720156 0.012400957002292703 -0.0055080651601765859 -0.0024456948992952138 -0.0046586097627275246 0.00016147662084369438
leaf_weight=7901 255 345 164 104 153 1225 217 152
leaf_count=5269 43 57 24 24 57 505 49 32
internal_value=-6.28779e-05 -0.000162661 0.000156533 -0.000117019 -0.00024596 -0.000188492 0 0
internal_weight=10516 10261 2055 1710 8206 1606 381 305
internal_count=6060 6017 659 602 5358 578 73 89
is_linear=0
shrinkage=0.00866619


Tree=42
num_leaves=9
num_cat=0
split_feature=43 43 17 57 44 34 34 43
split_gain=52.401 3.66927 8.80835 2.03615 5.52642 0.526572 0.305362 0.0467956
threshold=35.068958333333342 29.764166666666672 29.669454720753368 1008.35 2.9269905120299939 2.3775015378964537 3.3744992985553743 28.167708333333341
decision_type=2 2 2 2 2 2 2 2
left_child=1 6 -3 5 -5 -4 -1 -8
right_child=-2 2 3 4 -6 -7 7 -9
leaf_value=-0.017234551983800205 0.036842834375967831 0.0092504958905518051 -0.00023604020448260324 0.012293487992001665 -0.0063276783475192276 0.001937890364699827 -0.0054603312384096199 0.00016007723427826438
leaf_weight=7901 255 206 1362 134 250 103 153 152
leaf_count=5269 43 38 490 38 78 15 57 32
internal_value=-6.28779e-05 -0.000162661 0.000156533 -2.02146e-05 0.000520186 -0.000181633 -0.00024596 0
internal_weight=10516 10261 2055 1849 384 1465 8206 305
internal_count=6060 6017 659 621 116 505 5358 89
is_linear=0
shrinkage=0.00866619


Tree=43
num_leaves=8
num_cat=0
split_feature=43 43 17 59 34 34 43
split_gain=52.7008 2.77723 9.34774 1.58463 1.33175 0.305362 0.0467956
threshold=35.068958333333342 29.764166666666672 29.669454720753368 0.94500000000000006 2.3775015378964537 3.3744992985553743 28.167708333333341
decision_type=2 2 2 2 2 2 2
left_child=1 5 -3 -4 -5 -1 -7
right_child=-2 2 3 4 -6 6 -8
leaf_value=-0.017085194136323933 0.036523547489804929 0.0091703293648654795 0.012186950328232554 -0.0002438079325090042 0.0057242619014820388 -0.0054130109877269725 0.00015868997505829558
leaf_weight=7901 255 206 140 1606 103 153 152
leaf_count=5269 43 38 40 566 15 57 32
internal_value=-7.35864e-05 -0.000173635 0.000101837 -8.09892e-05 -0.000167504 -0.00024596 0
internal_weight=10516 10261 2055 1849 1709 8206 305
internal_count=6060 6017 659 621 581 5358 89
is_linear=0
shrinkage=0.00866619


Tree=44
num_leaves=8
num_cat=0
split_feature=43 43 17 59 34 34 43
split_gain=52.7008 2.77723 9.34774 1.58463 1.33175 0.305362 0.0467956
threshold=35.068958333333342 29.764166666666672 29.669454720753368 0.94500000000000006 2.3775015378964537 3.3744992985553743 28.167708333333341
decision_type=2 2 2 2 2 2 2
left_child=1 5 -3 -4 -5 -1 -7
right_child=-2 2 3 4 -6 6 -8
leaf_value=-0.016937130651858881 0.036207027603450855 0.0090908575772685567 0.012081335939762419 -0.00024169504741451662 0.0056746543783622091 -0.0053661008231777659 0.00015731473808589349
leaf_weight=7901 255 206 140 1606 103 153 152
leaf_count=5269 43 38 40 566 15 57 32
internal_value=-7.35864e-05 -0.000173635 0.000101837 -8.09892e-05 -0.000167504 -0.00024596 0
internal_weight=10516 10261 2055 1849 1709 8206 305
internal_count=6060 6017 659 621 581 5358 89
is_linear=0
shrinkage=0.00866619


Tree=45
num_leaves=8
num_cat=0
split_feature=43 43 17 59 34 34 43
split_gain=52.8163 2.46906 9.56005 1.68556 0.542479 0.305362 0.0467956
threshold=35.068958333333342 29.764166666666672 29.669454720753368 0.94500000000000006 2.3775015378964537 3.3744992985553743 28.167708333333341
decision_type=2 2 2 2 2 2 2
left_child=1 5 -3 -4 -5 -1 -7
right_child=-2 2 3 4 -6 6 -8
leaf_value=-0.016790350313213312 0.035893250737568314 0.0090120745070308792 0.011976636825315063 -0.00023960047297699123 0.0056254767633060988 -0.0053195971908789139 0.00015595141917407163
leaf_weight=7901 255 206 140 1606 103 153 152
leaf_count=5269 43 38 40 566 15 57 32
internal_value=-7.7705e-05 -0.000177856 8.07997e-05 -0.000104364 -0.000192789 -0.00024596 0
internal_weight=10516 10261 2055 1849 1709 8206 305
internal_count=6060 6017 659 621 581 5358 89
is_linear=0
shrinkage=0.00866619


Tree=46
num_leaves=8
num_cat=0
split_feature=43 43 17 59 34 34 43
split_gain=52.8163 2.46906 9.56005 1.68556 0.542479 0.305362 0.0467956
threshold=35.068958333333342 29.764166666666672 29.669454720753368 0.94500000000000006 2.3775015378964537 3.3744992985553743 28.167708333333341
decision_type=2 2 2 2 2 2 2
left_child=1 5 -3 -4 -5 -1 -7
right_child=-2 2 3 4 -6 6 -8
leaf_value=-0.01664484200040588 0.035582193120629449 0.0089339741855991549 0.011872845052954746 -0.00023752405051284583 0.0055767253306500527 -0.0052734965677459734 0.00015459991503862332
leaf_weight=7901 255 206 140 1606 103 153 152
leaf_count=5269 43 38 40 566 15 57 32
internal_value=-7.7705e-05 -0.000177856 8.07997e-05 -0.000104364 -0.000192789 -0.00024596 0
internal_weight=10516 10261 2055 1849 1709 8206 305
internal_count=6060 6017 659 621 581 5358 89
is_linear=0
shrinkage=0.00866619


Tree=47
num_leaves=8
num_cat=0
split_feature=43 43 17 59 34 34 43
split_gain=48.4621 2.46906 9.56005 1.68556 0.542479 0.305362 0.0467956
threshold=35.068958333333342 29.764166666666672 29.669454720753368 0.94500000000000006 2.3775015378964537 3.3744992985553743 28.167708333333341
decision_type=2 2 2 2 2 2 2
left_child=1 5 -3 -4 -5 -1 -7
right_child=-2 2 3 4 -6 6 -8
leaf_value=-0.016500594689823043 0.035273831187114794 0.0088565506961446796 0.011769952759485445 -0.00023546562271375805 0.0055283963870178003 -0.0052277954612262034 0.00015326012329054778
leaf_weight=7901 255 206 140 1606 103 153 152
leaf_count=5269 43 38 40 566 15 57 32
internal_value=-8.18236e-05 -0.000177856 8.07997e-05 -0.000104364 -0.000192789 -0.00024596 0
internal_weight=10516 10261 2055 1849 1709 8206 305
internal_count=6060 6017 659 621 581 5358 89
is_linear=0
shrinkage=0.00866619


Tree=48
num_leaves=7
num_cat=0
split_feature=43 9 9 17 4 59
split_gain=48.3514 2.48906 7.66712 17.4978 4.60943 0.581174
threshold=35.068958333333342 0.23866392535577388 0.30490993010465889 30.654121705411754 1009.9500000000002 0.83500000000000008
decision_type=2 2 2 2 2 2
left_child=1 -1 3 -3 5 -4
right_child=-2 2 4 -5 -6 -7
leaf_value=-0.019868064801187305 0.034968141575728237 0.0038363651436958122 0.0078689127005055187 -1.8782481342406557e-05 0.011667952149855035 -0.0019131648136442346
leaf_weight=7492 255 107 100 189 138 2235
leaf_count=5028 43 15 32 81 42 819
internal_value=-7.7705e-05 -0.000173635 3.99424e-05 0.00135361 -0.00010858 -0.000210767
internal_weight=10516 10261 2769 296 2473 2335
internal_count=6060 6017 989 96 893 851
is_linear=0
shrinkage=0.00866619


Tree=49
num_leaves=7
num_cat=0
split_feature=43 9 9 17 4 59
split_gain=48.3514 2.48906 7.66712 17.4978 4.60943 0.581174
threshold=35.068958333333342 0.23866392535577388 0.30490993010465889 30.654121705411754 1009.9500000000002 0.83500000000000008
decision_type=2 2 2 2 2 2
left_child=1 -1 3 -3 5 -4
right_child=-2 2 4 -5 -6 -7
leaf_value=-0.019695884439608183 0.034665101127626836 0.0038031184866005518 0.0078007192328696552 -1.8619708849917144e-05 0.011566835496564766 -0.0018965849699266956
leaf_weight=7492 255 107 100 189 138 2235
leaf_count=5028 43 15 32 81 42 819
internal_value=-7.7705e-05 -0.000173635 3.99424e-05 0.00135361 -0.00010858 -0.000210767
internal_weight=10516 10261 2769 296 2473 2335
internal_count=6060 6017 989 96 893 851
is_linear=0
shrinkage=0.00866619


Tree=50
num_leaves=7
num_cat=0
split_feature=43 9 9 17 4 59
split_gain=48.3514 2.48906 7.66712 17.4978 4.60943 0.581174
threshold=35.068958333333342 0.23866392535577388 0.30490993010465889 30.654121705411754 1009.9500000000002 0.83500000000000008
decision_type=2 2 2 2 2 2
left_child=1 -1 3 -3 5 -4
right_child=-2 2 4 -5 -6 -7
leaf_value=-0.019525196225211507 0.034364686884666672 0.0037701599512472675 0.0077331167425651022 -1.8458346974273327e-05 0.01146659513908385 -0.0018801488102324682
leaf_weight=7492 255 107 100 189 138 2235
leaf_count=5028 43 15 32 81 42 819
internal_value=-7.7705e-05 -0.000173635 3.99424e-05 0.00135361 -0.00010858 -0.000210767
internal_weight=10516 10261 2769 296 2473 2335
internal_count=6060 6017 989 96 893 851
is_linear=0
shrinkage=0.00866619


Tree=51
num_leaves=7
num_cat=0
split_feature=43 43 17 59 34 34
split_gain=48.4621 2.46906 9.56005 1.68556 0.542479 0.14932
threshold=35.068958333333342 29.764166666666672 29.669454720753368 0.94500000000000006 2.3775015378964537 3.6991874718888584
decision_type=2 2 2 2 2 2
left_child=1 5 -3 -4 -5 -1
right_child=-2 2 3 4 -6 -7
leaf_value=-0.015955247386185221 0.034066876087663366 0.0084790695065291785 0.011367223483269098 -0.00018704731922014915 0.0051797576044545334 5.3053839451363648e-05
leaf_weight=8053 255 206 140 1606 103 153
leaf_count=5313 43 38 40 566 15 45
internal_value=-8.18236e-05 -0.000177856 8.07997e-05 -0.000104364 -0.000192789 -0.00024596
internal_weight=10516 10261 2055 1849 1709 8206
internal_count=6060 6017 659 621 581 5358
is_linear=0
shrinkage=0.00866619


Tree=52
num_leaves=7
num_cat=0
split_feature=43 9 9 17 4 59
split_gain=48.3514 2.48906 7.66712 17.4978 4.60943 0.581174
threshold=35.068958333333342 0.23866392535577388 0.30490993010465889 30.654121705411754 1009.9500000000002 0.83500000000000008
decision_type=2 2 2 2 2 2
left_child=1 -1 3 -3 5 -4
right_child=-2 2 4 -5 -6 -7
leaf_value=-0.01921771607195405 0.033771646174667783 0.0036640058402047627 0.0075675896255923561 -1.6677396475772328e-05 0.011268713000789545 -0.0018622341023539824
leaf_weight=7492 255 107 100 189 138 2235
leaf_count=5028 43 15 32 81 42 819
internal_value=-7.7705e-05 -0.000173635 3.99424e-05 0.00135361 -0.00010858 -0.000210767
internal_weight=10516 10261 2769 296 2473 2335
internal_count=6060 6017 989 96 893 851
is_linear=0
shrinkage=0.00866619


Tree=53
num_leaves=7
num_cat=0
split_feature=43 9 9 17 4 59
split_gain=48.3514 2.48906 7.66712 17.4978 4.60943 0.581174
threshold=35.068958333333342 0.23866392535577388 0.30490993010465889 30.654121705411754 1009.9500000000002 0.83500000000000008
decision_type=2 2 2 2 2 2
left_child=1 -1 3 -3 5 -4
right_child=-2 2 4 -5 -6 -7
leaf_value=-0.019051171753969105 0.033478974779256918 0.0036322528810359776 0.0075020074800207651 -1.653286704204254e-05 0.011171056228556188 -0.0018460956336960185
leaf_weight=7492 255 107 100 189 138 2235
leaf_count=5028 43 15 32 81 42 819
internal_value=-7.7705e-05 -0.000173635 3.99424e-05 0.00135361 -0.00010858 -0.000210767
internal_weight=10516 10261 2769 296 2473 2335
internal_count=6060 6017 989 96 893 851
is_linear=0
shrinkage=0.00866619


Tree=54
num_leaves=8
num_cat=0
split_feature=43 43 17 57 44 31 34
split_gain=48.1744 3.31065 9.01365 2.22594 5.52642 0.181682 0.168472
threshold=35.068958333333342 29.764166666666672 29.669454720753368 1008.35 2.9269905120299939 10.092894705805747 2.3775015378964537
decision_type=2 2 2 2 2 2 2
left_child=1 5 -3 6 -5 -1 -4
right_child=-2 2 3 4 -6 -7 -8
leaf_value=-0.015128575969242367 0.03318883972883941 0.0082111210733817868 -0.00038158749505905963 0.011074245768156521 -0.006179390816243864 4.7098197991172233e-05 0.0014703230229078357
leaf_weight=8089 255 206 1362 134 250 117 103
leaf_count=5313 43 38 490 38 78 45 15
internal_value=-7.11152e-05 -0.000166882 0.000135496 -4.35895e-05 0.000520186 -0.00024596 -0.000211115
internal_weight=10516 10261 2055 1849 384 8206 1465
internal_count=6060 6017 659 621 116 5358 505
is_linear=0
shrinkage=0.00866619


Tree=55
num_leaves=7
num_cat=0
split_feature=43 9 9 17 4 59
split_gain=48.3514 2.48906 7.66712 17.4978 4.60943 0.581174
threshold=35.068958333333342 0.23866392535577388 0.30490993010465889 30.654121705411754 1009.9500000000002 0.83500000000000008
decision_type=2 2 2 2 2 2
left_child=1 -1 3 -3 5 -4
right_child=-2 2 4 -5 -6 -7
leaf_value=-0.018754963674291678 0.032901219042975674 0.003529615989612826 0.0073410221987131753 -1.308268160202877e-05 0.010978274285294066 -0.001701411049844846
leaf_weight=7492 255 107 100 189 138 2235
leaf_count=5028 43 15 32 81 42 819
internal_value=-7.7705e-05 -0.000173635 3.99424e-05 0.00135361 -0.00010858 -0.000210767
internal_weight=10516 10261 2769 296 2473 2335
internal_count=6060 6017 989 96 893 851
is_linear=0
shrinkage=0.00866619


Tree=56
num_leaves=7
num_cat=0
split_feature=43 9 9 17 4 59
split_gain=48.3514 2.48906 7.66712 17.4978 4.60943 0.581174
threshold=35.068958333333342 0.23866392535577388 0.30490993010465889 30.654121705411754 1009.9500000000002 0.83500000000000008
decision_type=2 2 2 2 2 2
left_child=1 -1 3 -3 5 -4
right_child=-2 2 4 -5 -6 -7
leaf_value=-0.018592429655042375 0.032616090931712659 0.0034990276779977569 0.0072774035287932063 -1.296930463896442e-05 0.010883134509232758 -0.0016866663038070089
leaf_weight=7492 255 107 100 189 138 2235
leaf_count=5028 43 15 32 81 42 819
internal_value=-7.7705e-05 -0.000173635 3.99424e-05 0.00135361 -0.00010858 -0.000210767
internal_weight=10516 10261 2769 296 2473 2335
internal_count=6060 6017 989 96 893 851
is_linear=0
shrinkage=0.00866619


Tree=57
num_leaves=7
num_cat=0
split_feature=43 43 17 59 34 34
split_gain=48.4621 2.46906 9.56005 1.68556 0.542479 0.14932
threshold=35.068958333333342 29.764166666666672 29.669454720753368 0.94500000000000006 2.3775015378964537 3.6991874718888584
decision_type=2 2 2 2 2 2
left_child=1 5 -3 -4 -5 -1
right_child=-2 2 3 4 -6 -7
leaf_value=-0.014826015253651148 0.032333433793933247 0.0079505069110026704 0.010788819232246023 -0.00043735220369678677 0.004654975088760685 5.9558850366969808e-05
leaf_weight=8053 255 206 140 1606 103 153
leaf_count=5313 43 38 40 566 15 45
internal_value=-8.18236e-05 -0.000177856 8.07997e-05 -0.000104364 -0.000192789 -0.00024596
internal_weight=10516 10261 2055 1849 1709 8206
internal_count=6060 6017 659 621 581 5358
is_linear=0
shrinkage=0.00866619


Tree=58
num_leaves=7
num_cat=0
split_feature=43 9 9 17 4 59
split_gain=48.3514 2.48906 7.66712 17.4978 4.60943 0.581174
threshold=35.068958333333342 0.23866392535577388 0.30490993010465889 30.654121705411754 1009.9500000000002 0.83500000000000008
decision_type=2 2 2 2 2 2
left_child=1 -1 3 -3 5 -4
right_child=-2 2 4 -5 -6 -7
leaf_value=-0.018302819167792118 0.03205322621571955 0.0033998038720975217 0.0071208382669777021 -9.0667343127384475e-06 0.010695321309070889 -0.0016682591625840494
leaf_weight=7492 255 107 100 189 138 2235
leaf_count=5028 43 15 32 81 42 819
internal_value=-7.7705e-05 -0.000173635 3.99424e-05 0.00135361 -0.00010858 -0.000210767
internal_weight=10516 10261 2769 296 2473 2335
internal_count=6060 6017 989 96 893 851
is_linear=0
shrinkage=0.00866619


Tree=59
num_leaves=7
num_cat=0
split_feature=43 9 9 17 4 59
split_gain=48.3514 2.48906 7.66712 17.4978 4.60943 0.581174
threshold=35.068958333333342 0.23866392535577388 0.30490993010465889 30.654121705411754 1009.9500000000002 0.83500000000000008
decision_type=2 2 2 2 2 2
left_child=1 -1 3 -3 5 -4
right_child=-2 2 4 -5 -6 -7
leaf_value=-0.01814420351731167 0.031775446968730643 0.0033703405365460284 0.007059127752147819 -8.9881602992034402e-06 0.010602633656366493 -0.0016538017169950641
leaf_weight=7492 255 107 100 189 138 2235
leaf_count=5028 43 15 32 81 42 819
internal_value=-7.7705e-05 -0.000173635 3.99424e-05 0.00135361 -0.00010858 -0.000210767
internal_weight=10516 10261 2769 296 2473 2335
internal_count=6060 6017 989 96 893 851
is_linear=0
shrinkage=0.00866619


Tree=60
num_leaves=8
num_cat=0
split_feature=43 9 9 17 4 59 10
split_gain=48.2407 2.39471 7.66712 17.4978 4.60943 0.581174 0.144711
threshold=35.068958333333342 0.23866392535577388 0.30490993010465889 30.654121705411754 1009.9500000000002 0.83500000000000008 -0.9993703818063705
decision_type=2 2 2 2 2 2 2
left_child=1 6 3 -3 5 -4 -1
right_child=-2 2 4 -5 -6 -7 -8
leaf_value=8.3733542516891145e-05 0.03150007500859453 0.0033411325357651451 0.0069979520321690018 -8.9102672227921367e-06 0.010510749252177543 -0.0016394695623306681 -0.018491012777281095
leaf_weight=164 255 107 100 189 138 2235 7328
leaf_count=96 43 15 32 81 42 819 4932
internal_value=-7.35864e-05 -0.000169414 3.99424e-05 0.00135361 -0.00010858 -0.000210767 -0.000250404
internal_weight=10516 10261 2769 296 2473 2335 7492
internal_count=6060 6017 989 96 893 851 5028
is_linear=0
shrinkage=0.00866619


Tree=61
num_leaves=9
num_cat=0
split_feature=43 9 17 43 61 10 60 34
split_gain=48.064 3.2615 10.166 2.29327 3.44993 0.401185 1.65274 2.88758
threshold=35.068958333333342 0.7236172338812249 33.380392284281761 31.193125000000006 1.0650000000000002 -0.9523422988233432 0.20500000000000004 1.8298974623159698
decision_type=2 2 2 2 2 2 2 2
left_child=1 3 -3 5 -5 6 7 -1
right_child=-2 2 -4 4 -6 -7 -8 -9
leaf_value=-0.0038961727108502704 0.031227089473313555 0.0084533086265584992 -0.0025495796132359613 0.0033121776569760637 -0.0079953420713594139 -0.010982816168449518 -0.0052698002415742014 0.0003912077728653516
leaf_weight=169 255 170 455 126 195 7917 1113 116
leaf_count=81 43 30 167 18 63 4905 729 24
internal_value=-6.69966e-05 -0.000162661 0.000428039 -0.000203994 0.000484843 -0.000230891 -6.66858e-05 0.000487657
internal_weight=10516 10261 625 9636 321 9315 1398 285
internal_count=6060 6017 197 5820 81 5739 834 105
is_linear=0
shrinkage=0.00866619


Tree=62
num_leaves=9
num_cat=0
split_feature=43 43 17 57 44 31 34 10
split_gain=47.9536 3.57376 11.0836 2.22594 5.52642 0.175782 0.168472 0.143741
threshold=35.068958333333342 29.764166666666672 29.669454720753368 1008.35 2.9269905120299939 10.092894705805747 2.3775015378964537 -0.9993703818063705
decision_type=2 2 2 2 2 2 2 2
left_child=1 5 -3 6 -5 7 -4 -1
right_child=-2 2 3 4 -6 -7 -8 -9
leaf_value=7.9617612343037313e-05 0.030956469681684067 0.0075326882071100497 -0.00036079985462534632 0.010346403183486817 -0.005980400495682197 2.3247020407960921e-05 0.0012399983403357626 -0.015580338235641882
leaf_weight=159 255 206 1362 134 250 117 103 7930
leaf_count=91 43 38 490 38 78 45 15 5222
internal_value=-6.28779e-05 -0.00015844 0.000156533 -4.35895e-05 0.000520186 -0.000240683 -0.000211115 -0.000245757
internal_weight=10516 10261 2055 1849 384 8206 1465 8089
internal_count=6060 6017 659 621 116 5358 505 5313
is_linear=0
shrinkage=0.00866619


Tree=63
num_leaves=8
num_cat=0
split_feature=43 9 9 17 4 59 10
split_gain=48.2407 2.39471 7.66712 17.4978 4.60943 0.581174 0.144711
threshold=35.068958333333342 0.23866392535577388 0.30490993010465889 30.654121705411754 1009.9500000000002 0.83500000000000008 -0.9993703818063705
decision_type=2 2 2 2 2 2 2
left_child=1 6 3 -3 5 -4 -1
right_child=-2 2 4 -5 -6 -7 -8
leaf_value=7.8927631239268089e-05 0.030688195131729563 0.0032181940232180982 0.0067743846574549564 -3.4410240632465191e-05 0.010256739320448164 -0.0017772327975523598 -0.018100564946877798
leaf_weight=164 255 107 100 189 138 2235 7328
leaf_count=96 43 15 32 81 42 819 4932
internal_value=-7.35864e-05 -0.000169414 3.99424e-05 0.00135361 -0.00010858 -0.000210767 -0.000250404
internal_weight=10516 10261 2769 296 2473 2335 7492
internal_count=6060 6017 989 96 893 851 5028
is_linear=0
shrinkage=0.00866619


Tree=64
num_leaves=8
num_cat=0
split_feature=43 43 17 59 34 34 10
split_gain=48.2407 2.69438 11.6932 1.68556 0.542479 0.14348 0.148178
threshold=35.068958333333342 29.764166666666672 29.669454720753368 0.94500000000000006 2.3775015378964537 3.6991874718888584 -0.9993703818063705
decision_type=2 2 2 2 2 2 2
left_child=1 5 -3 -4 -5 6 -1
right_child=-2 2 3 4 -6 -7 -8
leaf_value=7.8243629640682694e-05 0.030422245499147516 0.0073785217045024727 0.010167852501198822 -0.00050971905990001838 0.0040871653970660036 7.5158858872998805e-05 -0.014540385958699586
leaf_weight=154 255 206 140 1606 103 153 7899
leaf_count=90 43 38 40 566 15 45 5223
internal_value=-7.35864e-05 -0.000169414 0.000101837 -0.000104364 -0.000192789 -0.000240683 -0.000245694
internal_weight=10516 10261 2055 1849 1709 8206 8053
internal_count=6060 6017 659 621 581 5358 5313
is_linear=0
shrinkage=0.00866619


Tree=65
num_leaves=9
num_cat=0
split_feature=43 43 17 59 34 10 44 17
split_gain=48.1302 2.61275 11.6932 1.68556 0.542479 0.299954 2.28326 0.209364
threshold=35.068958333333342 29.764166666666672 29.669454720753368 0.94500000000000006 2.3775015378964537 -0.9523422988233432 3.48788631046216 25.042734617051316
decision_type=2 2 2 2 2 2 2 2
left_child=1 5 -3 -4 -5 6 7 -1
right_child=-2 2 3 4 -6 -7 -8 -9
leaf_value=7.7565555727743805e-05 0.030158600635769639 0.0073145780568592061 0.010079735991732093 -0.00050530173929454571 0.0040517452581172618 -0.015412527362626384 0.00042617159653825595 -0.014457885366155675
leaf_weight=41 255 206 140 1606 103 7238 51 876
leaf_count=13 43 38 40 566 15 4706 27 612
internal_value=-6.94677e-05 -0.000165193 0.000101837 -0.000104364 -0.000192789 -0.000235405 -5.25101e-05 -0.00018206
internal_weight=10516 10261 2055 1849 1709 8206 968 917
internal_count=6060 6017 659 621 581 5358 652 625
is_linear=0
shrinkage=0.00866619


Tree=66
num_leaves=8
num_cat=0
split_feature=43 9 9 17 4 59 10
split_gain=48.2407 2.39471 7.66712 17.4978 4.60943 0.581174 0.144711
threshold=35.068958333333342 0.23866392535577388 0.30490993010465889 30.654121705411754 1009.9500000000002 0.83500000000000008 -0.9993703818063705
decision_type=2 2 2 2 2 2 2
left_child=1 6 3 -3 5 -4 -1
right_child=-2 2 4 -5 -6 -7 -8
leaf_value=7.6893358129994841e-05 0.029897240568035343 0.0030629714048584903 0.0065402071895348671 -2.5315675172898405e-05 0.0099923831163994843 -0.0017530346061975881 -0.017684124526225507
leaf_weight=164 255 107 100 189 138 2235 7328
leaf_count=96 43 15 32 81 42 819 4932
internal_value=-7.35864e-05 -0.000169414 3.99424e-05 0.00135361 -0.00010858 -0.000210767 -0.000250404
internal_weight=10516 10261 2769 296 2473 2335 7492
internal_count=6060 6017 989 96 893 851 5028
is_linear=0
shrinkage=0.00866619


end of trees

feature_importances:
temp_c_roll24h_mean=141
heat_index_c_lag3h=68
heat_index_c_roll3h_std=55
doy_sin=49
cloud_cover=33
wind_ms_lag3h=30
pressure_hpa=22
temp_c_lag3h=13
doy_cos=7
wind_ms_lag1h=7
cloud_cover_lag1h=5
hour_cos=4
hi_change_3h=4
temp_c_roll24h_std=4
heat_index_c_roll3h_mean=3
pressure_hpa_lag6h=3
rh_lag24h=2
heat_index_c_roll6h_mean=2
precip_mm_lag1h=2
precip_mm_lag3h=2
hi_residual_lag1h=2
local_hour_sin=1
rh_lag6h=1
heat_index_c_roll24h_std=1
temp_c_roll3h_std=1
temp_c_roll6h_mean=1
temp_x_rh=1
cloud_cover_lag3h=1

parameters:
[boosting: gbdt]
[objective: quantile]
[metric: quantile]
[tree_learner: serial]
[device_type: cpu]
[data_sample_strategy: bagging]
[data: ]
[valid: ]
[num_iterations: 2000]
[learning_rate: 0.00866619]
[num_leaves: 187]
[num_threads: -1]
[seed: 7]
[deterministic: 0]
[force_col_wise: 0]
[force_row_wise: 0]
[histogram_pool_size: -1]
[max_depth: -1]
[min_data_in_leaf: 36]
[min_sum_hessian_in_leaf: 0.001]
[bagging_fraction: 0.974843]
[pos_bagging_fraction: 1]
[neg_bagging_fraction: 1]
[bagging_freq: 0]
[bagging_seed: 17422]
[bagging_by_query: 0]
[feature_fraction: 0.948315]
[feature_fraction_bynode: 1]
[feature_fraction_seed: 7040]
[extra_trees: 0]
[extra_seed: 6516]
[early_stopping_round: 0]
[early_stopping_min_delta: 0]
[first_metric_only: 0]
[max_delta_step: 0]
[lambda_l1: 3.14594]
[lambda_l2: 4.74095]
[linear_lambda: 0]
[min_gain_to_split: 0]
[drop_rate: 0.1]
[max_drop: 50]
[skip_drop: 0.5]
[xgboost_dart_mode: 0]
[uniform_drop: 0]
[drop_seed: 15215]
[top_rate: 0.2]
[other_rate: 0.1]
[min_data_per_group: 100]
[max_cat_threshold: 32]
[cat_l2: 10]
[cat_smooth: 10]
[max_cat_to_onehot: 4]
[top_k: 20]
[monotone_constraints: ]
[monotone_constraints_method: basic]
[monotone_penalty: 0]
[feature_contri: ]
[forcedsplits_filename: ]
[refit_decay_rate: 0.9]
[cegb_tradeoff: 1]
[cegb_penalty_split: 0]
[cegb_penalty_feature_lazy: ]
[cegb_penalty_feature_coupled: ]
[path_smooth: 0]
[interaction_constraints: ]
[verbosity: -1]
[saved_feature_importance_type: 0]
[use_quantized_grad: 0]
[num_grad_quant_bins: 4]
[quant_train_renew_leaf: 0]
[stochastic_rounding: 1]
[linear_tree: 0]
[max_bin: 255]
[max_bin_by_feature: ]
[min_data_in_bin: 3]
[bin_construct_sample_cnt: 200000]
[data_random_seed: 61]
[is_enable_sparse: 1]
[enable_bundle: 1]
[use_missing: 1]
[zero_as_missing: 0]
[feature_pre_filter: 1]
[pre_partition: 0]
[two_round: 0]
[header: 0]
[label_column: ]
[weight_column: ]
[group_column: ]
[ignore_column: ]
[categorical_feature: ]
[forcedbins_filename: ]
[precise_float_parser: 0]
[parser_config_file: ]
[objective_seed: 15521]
[num_class: 1]
[is_unbalance: 0]
[scale_pos_weight: 1]
[sigmoid: 1]
[boost_from_average: 1]
[reg_sqrt: 0]
[alpha: 0.97]
[fair_c: 1]
[poisson_max_delta_step: 0.7]
[tweedie_variance_power: 1.5]
[lambdarank_truncation_level: 30]
[lambdarank_norm: 1]
[label_gain: ]
[lambdarank_position_bias_regularization: 0]
[eval_at: ]
[multi_error_top_k: 1]
[auc_mu_weights: ]
[num_machines: 1]
[local_listen_port: 12400]
[time_out: 120]
[machine_list_filename: ]
[machines: ]
[gpu_platform_id: -1]
[gpu_device_id: -1]
[gpu_use_dp: 0]
[num_gpu: 1]

end of parameters

pandas_categorical:[]
