tree
version=v4
num_class=1
num_tree_per_iteration=1
label_index=0
max_feature_idx=63
objective=quantile
feature_names=wind_ms precip_mm solar_wm2 cloud_cover pressure_hpa hour_sin hour_cos local_hour_sin local_hour_cos doy_sin doy_cos month station_enc lat lon elevation_m heat_index_c_lag1h heat_index_c_lag3h heat_index_c_lag6h heat_index_c_lag12h heat_index_c_lag24h temp_c_lag1h temp_c_lag3h temp_c_lag6h temp_c_lag12h temp_c_lag24h rh_lag1h rh_lag3h rh_lag6h rh_lag12h rh_lag24h hi_change_3h temp_change_3h heat_index_c_roll3h_mean heat_index_c_roll3h_std heat_index_c_roll6h_mean heat_index_c_roll6h_std heat_index_c_roll24h_mean heat_index_c_roll24h_std temp_c_roll3h_mean temp_c_roll3h_std temp_c_roll6h_mean temp_c_roll6h_std temp_c_roll24h_mean temp_c_roll24h_std temp_x_rh temp_x_evening solar_wm2_lag1h solar_wm2_lag3h solar_wm2_lag6h solar_wm2_roll6h_mean temp_x_solar cloud_cover_lag1h cloud_cover_lag3h cloud_cover_lag6h pressure_hpa_lag1h pressure_hpa_lag3h pressure_hpa_lag6h wind_ms_lag1h wind_ms_lag3h precip_mm_lag1h precip_mm_lag3h _hi_clim hi_residual_lag1h
feature_infos=[0.059999999999999998:8.0399999999999991] [0:123.68000000000001] [0:967.39999999999998] [0:1] [999.70000000000005:1020.1] [-1:1] [-1:1] [-1:1] [-1:1] [-0.99999073973619013:0.82635419872390958] [-0.99996295911626554:1] [1:12] none none none none [15.543062617385331:46.705090229168285] [15.543062617385331:46.705090229168285] [15.543062617385331:46.705090229168285] [15.543062617385331:46.705090229168285] [15.543062617385331:47.117941747531241] [14.83:42.740000000000002] [14.83:42.740000000000002] [14.83:42.740000000000002] [14.83:42.740000000000002] [15.25:42.789999999999999] [26.199999999999999:98.299999999999997] [26.199999999999999:98.299999999999997] [26.199999999999999:98.299999999999997] [26.199999999999999:98.299999999999997] [26.199999999999999:98.299999999999997] [-8.0370101143076411:13.211166289457765] [-8.0100000000000016:11.800000000000001] [15.847133169309267:46.520925982866366] [0.0081557551711664532:4.9032769199001098] [16.59031288783498:45.927445778806828] [0.10493055143379597:6.8091820899401689] [22.575260778152696:41.479553319998374] [0.88478854658695105:6.7367631627095896] [15.219999999999994:42.563333333333333] [0.0057735026954761461:4.388769759283381] [15.766666666666666:41.948333333333331] [0.053166405427821119:6.4665384867022011] [20.677916666666665:35.690416666666664] [0.95711286493927128:6.429854281938189] [918.31299999999999:2708.0299999999997] [0:42.299999999999997] [0:967.39999999999998] [0:967.39999999999998] [0:967.39999999999998] [0:844.45000000000016] [0:37913.484000000004] [0:1] [0:1] [0:1] [999.70000000000005:1020.1] [999.70000000000005:1020.1] [999.70000000000005:1020.1] [0.059999999999999998:8.0399999999999991] [0.059999999999999998:8.0399999999999991] [0:123.68000000000001] [0:123.68000000000001] [19.631991987469316:42.002550586120272] [-9.3100573808761524:7.4108390635408306]
tree_sizes=874 951 1008 1103 952 942 1128 1213 1208 1121 860 1124 1130 1044 947 1132 1037 1124 941 1123 1045 1043 1135 1041 1217 1233 1042 1042 1134 957

Tree=0
num_leaves=9
num_cat=0
split_feature=9 3 7 39 43 22 34 18
split_gain=118.559 59.4075 63.7005 17.19 15.9365 25.8466 0.222534 0.21241
threshold=0.69943241849707793 0.84050000000000014 0.60355339059327384 27.709999999999997 30.010625000000005 27.305000000000003 3.3744992985553743 29.67600722509022
decision_type=2 2 2 2 2 2 2 2
left_child=4 2 -2 -3 6 -6 -1 -7
right_child=1 3 -4 -5 5 7 -8 -9
leaf_value=35.911377176531296 35.96510102895364 35.955553922455117 35.986532182248169 35.92159978377304 35.940824718629912 35.932675161446291 35.917760652817648 35.929295353870806
leaf_weight=8016 291 82 316 387 425 82 310 607
leaf_count=5316 67 18 36 167 69 22 90 275
internal_value=35.932 35.9347 35.9365 35.9324 35.9317 35.9327 35.9316 35.9317
internal_weight=10516 1076 607 469 9440 1114 8326 689
internal_count=6060 288 103 185 5772 366 5406 297
is_linear=0
shrinkage=1


Tree=1
num_leaves=9
num_cat=0
split_feature=9 6 3 43 22 53 34 18
split_gain=115.439 66.0639 36.8809 15.9365 25.8466 0.252418 0.222534 0.21241
threshold=0.69943241849707793 0.78656609248549303 0.31350000000000006 30.010625000000005 27.305000000000003 0.17350000000000002 3.3744992985553743 29.67600722509022
decision_type=2 2 2 2 2 2 2 2
left_child=3 2 -2 6 -5 -4 -1 -6
right_child=1 -3 5 4 7 -7 -8 -9
leaf_value=-0.020443315646712722 0.044933316417360272 0.052380464376826155 0.0019366059256903281 0.0087490285503016001 0.00067009695183847947 -0.0075751172243372937 -0.01411515975850363 -0.0026804205797387485
leaf_weight=8016 132 460 52 425 82 432 310 607
leaf_count=5316 24 60 8 69 22 196 90 275
internal_value=1.73426e-05 0.00270275 0.000782573 -0.000287065 0.000675128 -0.000284665 -0.000419388 -0.000328589
internal_weight=10516 1076 616 9440 1114 484 8326 689
internal_count=6060 288 228 5772 366 204 5406 297
is_linear=0
shrinkage=0.00866619


Tree=2
num_leaves=10
num_cat=0
split_feature=43 3 7 43 59 1 16 3 34
split_gain=109.257 87.9112 62.8839 13.8159 16.3425 17.3006 11.2475 0.287937 0.231427
threshold=30.933125000000004 0.86650000000000016 0.60355339059327384 29.764166666666672 1.905 1.155 32.330778906985266 0.11650000000000002 3.3744992985553743
decision_type=2 2 2 2 2 2 2 2 2
left_child=3 2 -2 8 5 -5 -3 -6 -1
right_child=1 6 -4 4 7 -7 -8 -9 -10
leaf_value=-0.021137147693146389 0.032486221681750457 0.0095507117954642187 0.053594777758675459 0.019573811956319149 0.0069366434530501861 -0.0041631783974974941 -0.0066209605560039377 -0.0043101870179276698 -0.013641853901376863
leaf_weight=7901 265 90 317 266 48 250 498 576 305
leaf_count=5269 57 14 33 54 8 66 206 264 89
internal_value=1.73426e-05 0.00251083 0.00488525 -0.000293009 0.000589389 0.00173167 9.43616e-05 -0.000317763 -0.000419184
internal_weight=10516 1170 582 9346 1140 516 588 624 8206
internal_count=6060 310 90 5750 392 120 220 272 5358
is_linear=0
shrinkage=0.00866619


Tree=3
num_leaves=11
num_cat=0
split_feature=43 3 7 43 59 28 38 16 3 34
split_gain=101.904 80.9317 55.3121 13.8159 16.3425 15.0678 17.3451 11.2475 0.287937 0.231427
threshold=30.933125000000004 0.86650000000000016 0.60355339059327384 29.764166666666672 1.905 93.450000000000017 4.4261393865048975 32.330778906985266 0.11650000000000002 3.3744992985553743
decision_type=2 2 2 2 2 2 2 2 2 2
left_child=3 2 -2 9 5 6 -5 -3 -6 -1
right_child=1 7 -4 4 8 -7 -8 -9 -10 -11
leaf_value=-0.020953969222118864 0.032204690015155066 0.0094679435426556994 0.053130315401340583 0.022151793748858492 0.006876529204891472 -0.035916989903920379 0.00236456209727392 -0.0065635820748110377 -0.0042728341319447222 -0.013523631046717756
leaf_weight=7901 265 90 317 184 48 172 160 498 576 305
leaf_count=5269 57 14 33 56 8 32 32 206 264 89
internal_value=6.63421e-06 0.00241492 0.00469324 -0.000293009 0.000589389 0.00173167 0.00277459 9.43616e-05 -0.000317763 -0.000419184
internal_weight=10516 1170 582 9346 1140 516 344 588 624 8206
internal_count=6060 310 90 5750 392 120 88 220 272 5358
is_linear=0
shrinkage=0.00866619


Tree=4
num_leaves=9
num_cat=0
split_feature=9 6 3 43 22 53 34 18
split_gain=104.553 56.1654 36.8809 15.9365 25.8466 0.252418 0.222534 0.21241
threshold=0.69943241849707793 0.78656609248549303 0.31350000000000006 30.010625000000005 27.305000000000003 0.17350000000000002 3.3744992985553743 29.67600722509022
decision_type=2 2 2 2 2 2 2 2
left_child=3 2 -2 6 -5 -4 -1 -6
right_child=1 -3 5 4 7 -7 -8 -9
leaf_value=-0.019901380570629019 0.043983292375088197 0.051001625889028186 0.00099492333981205847 0.0086690835470641381 0.0001036662392889471 -0.0075262420447797657 -0.013757413978885663 -0.0025429318444559154
leaf_weight=8016 132 460 52 425 82 432 310 607
leaf_count=5316 24 60 8 69 22 196 90 275
internal_value=2.51559e-06 0.00255841 0.000782573 -0.000287065 0.000675128 -0.000284665 -0.000419388 -0.000328589
internal_weight=10516 1076 616 9440 1114 484 8326 689
internal_count=6060 288 228 5772 366 204 5406 297
is_linear=0
shrinkage=0.00866619


Tree=5
num_leaves=9
num_cat=0
split_feature=9 6 3 43 22 53 34 18
split_gain=101.625 58.2318 32.4231 15.9365 25.8466 0.252418 0.222534 0.21241
threshold=0.69943241849707793 0.78656609248549303 0.31350000000000006 30.010625000000005 27.305000000000003 0.17350000000000002 3.3744992985553743 29.67600722509022
decision_type=2 2 2 2 2 2 2 2
left_child=3 2 -2 6 -5 -4 -1 -6
right_child=1 -3 5 4 7 -7 -8 -9
leaf_value=-0.019728911488367418 0.043602124945831051 0.05055963627028226 0.00098630114826465552 0.0085939556493735917 0.00010276784829097054 -0.0074610182250685842 -0.013638189659004402 -0.0025208943219880041
leaf_weight=8016 132 460 52 425 82 432 310 607
leaf_count=5316 24 60 8 69 22 196 90 275
internal_value=0 0.00251832 0.000712767 -0.000287065 0.000675128 -0.000284665 -0.000419388 -0.000328589
internal_weight=10516 1076 616 9440 1114 484 8326 689
internal_count=6060 288 228 5772 366 204 5406 297
is_linear=0
shrinkage=0.00866619


Tree=6
num_leaves=11
num_cat=0
split_feature=9 6 3 43 6 34 43 9 53 34
split_gain=101.958 58.2318 32.4231 15.3893 20.4309 1.20622 1.09217 1.61635 0.252418 0.222534
threshold=0.69943241849707793 0.78656609248549303 0.31350000000000006 30.382083333333338 0.91597561503675351 2.1308775237904203 30.010625000000005 0.2219132928352042 0.17350000000000002 3.3744992985553743
decision_type=2 2 2 2 2 2 2 2 2 2
left_child=3 2 -2 6 5 -5 9 -8 -4 -1
right_child=1 -3 8 4 -6 -7 7 -9 -10 -11
leaf_value=-0.019557937055395661 0.043224260784730566 0.05012147701615071 0.00097775367824008219 -0.007519911365955625 0.0092789454475675839 0.0086353162748426821 0.0013123850339217778 -0.010349613012999997 -0.0073963596471650446 -0.013519998559354282
leaf_weight=8016 132 460 52 424 278 91 100 221 432 310
leaf_count=5316 24 60 8 192 34 15 44 81 196 90
internal_value=-5.38874e-07 0.00251832 0.000712767 -0.000291653 0.000849563 -0.000126791 -0.000399871 2.13915e-05 -0.000284665 -0.000419388
internal_weight=10516 1076 616 9440 793 515 8647 321 484 8326
internal_count=6060 288 228 5772 241 207 5531 125 204 5406
is_linear=0
shrinkage=0.00866619


Tree=7
num_leaves=12
num_cat=0
split_feature=9 6 61 43 6 31 43 6 52 34 43
split_gain=100.834 58.7462 42.9301 17.8013 27.6367 1.25753 1.06977 1.84524 0.786344 0.210804 0.111
threshold=0.7236172338812249 0.37940952255126048 2.2250000000000005 30.382083333333338 0.91597561503675351 6.7475382804300024 30.010625000000005 0.91597561503675351 0.24250000000000002 3.3744992985553743 28.167708333333341
decision_type=2 2 2 2 2 2 2 2 2 2 2
left_child=3 8 -3 6 5 -5 9 -8 -2 -1 -11
right_child=1 2 -4 4 -6 -7 7 -9 -10 10 -12
leaf_value=-0.019388444318803693 0.015031186406065242 0.051798678997224998 0.019186540026128695 -0.0066978014736581654 0.0088782131165403549 0.0085604810106420463 -0.0070467061614033107 0.0045923243032568407 -0.041366203431141488 -0.028098074145212603 -0.0094354272883557123
leaf_weight=8016 46 279 279 553 340 96 229 92 276 153 157
leaf_count=5316 10 35 55 233 40 16 109 16 140 57 33
internal_value=-7.12867e-06 0.00279019 0.00448068 -0.000266666 0.000823276 -0.000189619 -0.000394862 2.13915e-05 -7.83509e-05 -0.000414186 -6.48175e-05
internal_weight=10516 880 558 9636 989 649 8647 321 322 8326 310
internal_count=6060 240 90 5820 289 249 5531 125 150 5406 90
is_linear=0
shrinkage=0.00866619


Tree=8
num_leaves=12
num_cat=0
split_feature=9 6 61 43 6 43 6 52 17 34 43
split_gain=101.133 58.7462 42.9301 16.5662 28.8186 1.06977 1.84524 0.786344 0.568924 0.210804 0.111
threshold=0.7236172338812249 0.37940952255126048 2.2250000000000005 30.382083333333338 0.91597561503675351 30.010625000000005 0.91597561503675351 0.24250000000000002 31.586311719656116 3.3744992985553743 28.167708333333341
decision_type=2 2 2 2 2 2 2 2 2 2 2
left_child=3 7 -3 5 8 9 -7 -2 -5 -1 -11
right_child=1 2 -4 4 -6 6 -8 -9 -10 10 -12
leaf_value=-0.019220420437933858 0.01490092333634723 0.051349781967327562 0.01902026588558163 0.0084862942828226769 0.008801272862928396 -0.0069856380892506639 0.0045525263628466862 -0.041007716183631429 -0.010899323007849016 -0.027854570985020043 -0.0093536581126247107
leaf_weight=8016 46 279 279 92 340 229 92 276 557 153 157
leaf_count=5316 10 35 55 16 40 109 16 140 233 57 33
internal_value=-1.12473e-05 0.00279019 0.00448068 -0.000271161 0.000779672 -0.000394862 2.13915e-05 -7.83509e-05 -0.0002559 -0.000414186 -6.48175e-05
internal_weight=10516 880 558 9636 989 8647 321 322 649 8326 310
internal_count=6060 240 90 5820 289 5531 125 150 249 5406 90
is_linear=0
shrinkage=0.00866619


Tree=9
num_leaves=11
num_cat=0
split_feature=9 6 61 43 6 31 52 22 34 43
split_gain=97.3372 56.8117 40.1825 18.3308 29.4414 1.28342 0.786344 0.26192 0.210804 0.111
threshold=0.7236172338812249 0.37940952255126048 2.2250000000000005 30.010625000000005 0.91597561503675351 7.1203235768473059 0.24250000000000002 27.025000000000002 3.3744992985553743 28.167708333333341
decision_type=2 2 2 2 2 2 2 2 2 2
left_child=3 6 -3 8 5 7 -2 -5 -1 -10
right_child=1 2 -4 4 -6 -7 -8 -9 9 -11
leaf_value=-0.019053852683408104 0.01477178915072881 0.050904775162960048 0.018855432707802062 3.6030253562148172e-05 0.0082496869432980447 0.0084127504710470903 -0.040652335653585586 -0.0064204833686313263 -0.027613178068708152 -0.0092725975638478265
leaf_weight=8016 46 279 279 66 432 92 276 720 153 157
leaf_count=5316 10 35 55 14 56 16 140 328 57 33
internal_value=-7.12867e-06 0.00274122 0.00440368 -0.000262172 0.000681264 -0.00020375 -7.83509e-05 -0.000341435 -0.000414186 -6.48175e-05
internal_weight=10516 880 558 9636 1310 878 322 786 8326 310
internal_count=6060 240 90 5820 414 358 150 342 5406 90
is_linear=0
shrinkage=0.00866619


Tree=10
num_leaves=8
num_cat=0
split_feature=9 6 43 6 3 6 34
split_gain=92.9249 53.761 21.6656 31.9798 8.62691 1.96531 0.21104
threshold=0.7469444191903023 0.60355339059327384 30.010625000000005 0.91597561503675351 0.35950000000000004 0.78656609248549303 3.3744992985553743
decision_type=2 2 2 2 2 2 2
left_child=2 4 6 5 -2 -4 -1
right_child=1 -3 3 -5 -6 -7 -8
leaf_value=-0.01850945166398563 0.029468589671063521 0.049145355592397827 -0.012035075579624605 0.0080593655037750535 -0.016925684572035922 -0.00020178930396645543 -0.013159643938431446
leaf_weight=8079 78 392 707 455 266 229 310
leaf_count=5331 14 56 351 59 122 37 90
internal_value=-1.94845e-05 0.00293717 -0.000246091 0.00074697 0.000339302 -0.000144207 -0.00041433
internal_weight=10516 736 9780 1391 344 936 8389
internal_count=6060 192 5868 447 136 388 5421
is_linear=0
shrinkage=0.00866619


Tree=11
num_leaves=11
num_cat=0
split_feature=9 6 43 6 3 60 43 9 31 34
split_gain=92.6636 53.761 22.8543 28.8546 8.62691 1.90878 1.5895 2.91953 1.26787 0.21104
threshold=0.7469444191903023 0.60355339059327384 30.382083333333338 0.91597561503675351 0.35950000000000004 1.0000000180025095e-35 30.010625000000005 0.2219132928352042 6.7475382804300024 3.3744992985553743
decision_type=2 2 2 2 2 2 2 2 2 2
left_child=2 4 6 5 -2 -4 9 -8 -7 -1
right_child=1 -3 3 -5 -6 8 7 -9 -10 -11
leaf_value=-0.018349045297687376 0.029213209367266294 0.048719452758855197 0.0008564559437348831 0.0084648339811943269 -0.01677900342725662 -0.0061944808369197735 0.0010804233800106109 -0.010463498837083684 0.0083415927474938863 -0.013045600005404012
leaf_weight=8079 78 392 36 363 266 567 100 229 96 310
leaf_count=5331 14 56 12 43 122 243 44 89 16 90
internal_value=-1.53659e-05 0.00293717 -0.000241663 0.000948508 0.000339302 -4.6845e-05 -0.000390208 0.000140326 -0.000194728 -0.00041433
internal_weight=10516 736 9780 1062 344 699 8718 329 663 8389
internal_count=6060 192 5868 314 136 271 5554 133 259 5421
is_linear=0
shrinkage=0.00866619


Tree=12
num_leaves=11
num_cat=0
split_feature=9 6 43 6 3 60 31 22 34 43
split_gain=91.9859 53.761 23.4217 33.6109 8.62691 1.84222 1.33742 0.252744 0.219744 0.114314
threshold=0.7469444191903023 0.60355339059327384 29.807083333333338 0.91597561503675351 0.35950000000000004 1.0000000180025095e-35 7.2599115318241383 27.025000000000002 3.3744992985553743 28.167708333333341
decision_type=2 2 2 2 2 2 2 2 2 2
left_child=2 4 8 5 -2 -4 7 -7 -1 -10
right_child=1 -3 3 -5 -6 6 -8 -9 9 -11
leaf_value=-0.019699429792847785 0.028960042236895273 0.048297240878840846 0.00084903373651217689 0.0076991732399176085 -0.01663359344868285 2.8103601592212635e-05 0.008269302946258536 -0.0071132272154749892 -0.027146777568485138 -0.0086358255100303823
leaf_weight=7958 78 392 40 497 266 73 92 815 153 152
leaf_count=5290 14 56 16 65 122 17 16 375 57 32
internal_value=-4.65749e-06 0.00293717 -0.000230149 0.000751752 0.000339302 -0.00012562 -0.000227528 -0.000351932 -0.000414041 -5.88692e-05
internal_weight=10516 736 9780 1517 344 1020 980 888 8263 305
internal_count=6060 192 5868 489 136 424 408 392 5379 89
is_linear=0
shrinkage=0.00866619


Tree=13
num_leaves=10
num_cat=0
split_feature=9 6 43 6 3 60 22 34 43
split_gain=88.2122 57.4128 22.3026 34.6312 5.51943 1.9608 1.14479 0.219744 0.114314
threshold=0.7469444191903023 0.60355339059327384 29.807083333333338 0.91597561503675351 0.35950000000000004 1.0000000180025095e-35 27.135000000000002 3.3744992985553743 28.167708333333341
decision_type=2 2 2 2 2 2 2 2 2
left_child=2 4 7 5 -2 -4 -7 -1 -9
right_child=1 -3 3 -5 -6 6 -8 8 -10
leaf_value=-0.019528710853757503 0.028709069100176014 0.047878687965861852 0.00084167585152394105 0.0076324507661600918 -0.01648944362015084 -0.0012125006221433768 -0.0066592019160814789 -0.026911518522160203 -0.0085609858327024245
leaf_weight=7958 78 392 40 497 266 120 860 153 152
leaf_count=5290 14 56 16 65 122 28 380 57 32
internal_value=-1.37185e-05 0.00286697 -0.000234577 0.000723277 0.000190203 -0.000167905 -0.00027153 -0.000414041 -5.88692e-05
internal_weight=10516 736 9780 1517 344 1020 980 8263 305
internal_count=6060 192 5868 489 136 424 408 5379 89
is_linear=0
shrinkage=0.00866619


Tree=14
num_leaves=9
num_cat=0
split_feature=9 6 3 43 6 6 34 45
split_gain=81.0476 50.9643 38.8082 18.7901 26.6005 1.96531 0.21104 0.189818
threshold=0.7469444191903023 0.37940952255126048 0.71050000000000002 30.010625000000005 0.91597561503675351 0.78656609248549303 3.3744992985553743 1280.4310000000003
decision_type=2 2 2 2 2 2 2 2
left_child=3 7 -3 6 5 -5 -1 -2
right_child=1 2 -4 4 -6 -7 -8 -9
leaf_value=-0.01795464236119923 0.013635455338575676 0.048980355285665439 0.0049372145838657774 -0.011915023086854359 0.007783296985679527 -0.00019247666507625369 -0.012783513618377719 -0.018451737339362517
leaf_weight=8079 42 262 202 707 455 229 310 230
leaf_count=5331 10 34 38 351 59 37 90 110
internal_value=-4.58437e-05 0.00271488 0.00444927 -0.000257605 0.000666253 -0.000144207 -0.00041433 -0.000170795
internal_weight=10516 736 464 9780 1391 936 8389 272
internal_count=6060 192 72 5868 447 388 5421 120
is_linear=0
shrinkage=0.00866619


Tree=15
num_leaves=11
num_cat=0
split_feature=9 6 3 43 6 60 18 34 45 43
split_gain=80.1702 50.9643 38.8082 20.5696 28.3189 1.84222 1.15488 0.219744 0.189818 0.114314
threshold=0.7469444191903023 0.37940952255126048 0.71050000000000002 29.807083333333338 0.91597561503675351 1.0000000180025095e-35 30.811864393906948 3.3744992985553743 1280.4310000000003 28.167708333333341
decision_type=2 2 2 2 2 2 2 2 2 2
left_child=3 8 -3 7 5 -5 -7 -1 -2 -9
right_child=1 2 -4 4 -6 6 -8 9 -10 -11
leaf_value=-0.019203873111665843 0.013517287935057284 0.048555882375608518 0.0048944277598468892 0.00083604977008229042 0.0074988550159708015 3.7251754032286459e-05 -0.0059333933080478029 -0.026567513957284558 -0.018291831136184416 -0.008376010412600457
leaf_weight=7958 42 262 202 40 497 205 775 153 230 152
leaf_count=5290 10 34 38 16 65 45 363 57 110 32
internal_value=-3.10167e-05 0.00271488 0.00444927 -0.000241663 0.000677718 -0.00012562 -0.000227528 -0.000414041 -0.000170795 -5.88692e-05
internal_weight=10516 736 464 9780 1517 1020 980 8263 272 305
internal_count=6060 192 72 5868 489 424 408 5379 120 89
is_linear=0
shrinkage=0.00866619


Tree=16
num_leaves=10
num_cat=0
split_feature=43 6 28 32 37 38 36 34 43
split_gain=64.0755 50.9634 45.1867 24.6929 12.9987 15.8562 0.461547 0.219524 0.114314
threshold=29.764166666666672 0.78656609248549303 87.15000000000002 5.6650000000000018 37.208853745118667 4.378002069666155 0.20382040422318823 3.3744992985553743 28.167708333333341
decision_type=2 2 2 2 2 2 2 2 2
left_child=7 3 -3 6 5 -4 -2 -1 -9
right_child=1 2 4 -5 -6 -7 -8 8 -10
leaf_value=-0.018864942965045043 0.016425631659556156 0.047201800042456193 0.016434077287187966 0.038987756598182474 -0.001805915070870374 0.0010732767130887924 -0.0083435148887264308 -0.026337274917639899 -0.0083034223414489416
leaf_weight=7901 15.999999999999998 342 254 97 288 206 1107 153 152
leaf_count=5269 4 38 38 17 40 38 527 57 32
internal_value=-5.24335e-05 0.0012181 0.00257557 0 0.00131769 0.00221631 -0.00036889 -0.000413907 -5.88692e-05
internal_weight=10516 2310 1090 1220 748 460 1123 8206 305
internal_count=6060 702 154 548 116 76 531 5358 89
is_linear=0
shrinkage=0.00866619


Tree=17
num_leaves=11
num_cat=0
split_feature=9 3 7 37 22 17 10 1 59 61
split_gain=74.3668 47.0961 34.2258 8.46316 29.4715 2.20373 1.17731 5.08946 8.00764 0.267842
threshold=0.7236172338812249 0.28650000000000003 0.91597561503675362 36.159900341021192 27.305000000000003 34.388763699952882 -0.9523422988233432 0.18500000000000003 1.9850000000000001 0.18500000000000003
decision_type=2 2 2 2 2 2 2 2 2 2
left_child=3 -2 5 6 -5 -3 7 8 -1 -9
right_child=1 2 -4 4 -6 -7 -8 9 -10 -11
leaf_value=0.0036880085518007743 0.05156250469609748 0.018816805664356 0.050782546558763783 0.008515894005626393 -0.0013495725646598246 -0.0084727838074369118 -0.018457945194300367 0.0006633349898896735 -0.0042746096903286549 -0.015029595829095936
leaf_weight=67 204 93 191 260 761 392 7300 72 140 1036
leaf_count=15 28 25 27 28 257 160 4724 24 68 704
internal_value=-7.13791e-05 0.00232982 0.00115917 -0.000294533 0.000437677 -1.95369e-05 -0.000384666 -0.000115599 0.00108476 -0.000368022
internal_weight=10516 880 676 9636 1021 485 8615 1315 207 1108
internal_count=6060 240 212 5820 285 185 5535 811 83 728
is_linear=0
shrinkage=0.00866619


Tree=18
num_leaves=9
num_cat=0
split_feature=9 6 43 6 30 31 34 43
split_gain=66.1236 51.9964 13.6505 27.5181 1.28269 0.660009 0.219744 0.114314
threshold=0.7469444191903023 0.60355339059327384 29.807083333333338 0.91597561503675351 35.500000000000007 7.2599115318241383 3.3744992985553743 28.167708333333341
decision_type=2 2 2 2 2 2 2 2
left_child=2 4 6 5 -2 -4 -1 -8
right_child=1 -3 3 -5 -6 -7 7 -9
leaf_value=-0.018714001637421533 0.026830278202818147 0.045759153506521363 -0.010878682654552128 0.0074606990985561323 -0.0028484766979298966 0.0081263910419310231 -0.025949071170920254 -0.0080075872595261176
leaf_weight=7958 72 392 928 497 272 92 153 152
leaf_count=5290 24 56 408 65 112 16 57 32
internal_value=-8.20875e-05 0.0024107 -0.000273547 0.000472701 0 -0.00032013 -0.000414041 -5.88692e-05
internal_weight=10516 736 9780 1517 344 1020 8263 305
internal_count=6060 192 5868 489 136 424 5379 89
is_linear=0
shrinkage=0.00866619


Tree=19
num_leaves=11
num_cat=0
split_feature=9 6 43 22 38 3 34 10 10 10
split_gain=64.1039 51.2696 11.3962 26.2348 30.117 1.77078 0.207888 0.182207 0.101421 0.00268656
threshold=0.7236172338812249 0.60355339059327384 29.807083333333338 27.305000000000003 4.5202975657017017 0.24250000000000002 3.3744992985553743 -0.021515300460958599 -0.9993703818063705 -0.99981480381338828
decision_type=2 2 2 2 2 2 2 2 2 2
left_child=2 5 6 4 -4 -2 8 -8 9 -1
right_child=1 -3 3 -5 -6 -7 7 -9 -10 -11
leaf_value=-0.006552822178840843 0.026597761999128635 0.044403844180603155 0.010494006430961369 -0.0014687660905947945 -0.0042003668115122815 -0.013302984205498114 -0.0025830775334289816 -0.03140469957878677 -0.018966438788058388 3.3465268404326866e-05
leaf_weight=72 60 474 240 937 247 346 122 183 7753 82
leaf_count=48 12 70 36 369 47 158 26 63 5189 42
internal_value=-7.54978e-05 0.00215351 -0.000282847 0.000422494 0.00205321 -4.54484e-05 -0.000408647 -5.88692e-05 -0.00041865 0
internal_weight=10516 880 9636 1424 487 406 8212 305 7907 154
internal_count=6060 240 5820 452 83 170 5368 89 5279 90
is_linear=0
shrinkage=0.00866619


Tree=20
num_leaves=10
num_cat=0
split_feature=43 43 17 38 58 34 10 10 10
split_gain=58.3818 19.6695 28.6403 30.7162 3.27851 0.207856 0.182207 0.101411 0.00268656
threshold=35.068958333333342 29.764166666666672 32.381462697021533 4.3841150463966772 1.3050000000000004 3.3744992985553743 -0.021515300460958599 -0.9993703818063705 -0.99981480381338828
decision_type=2 2 2 2 2 2 2 2 2
left_child=1 5 3 -3 -4 7 -7 8 -1
right_child=-2 2 4 -5 -6 6 -8 -9 -10
leaf_value=-0.0064960341975549701 0.050334285013430242 0.014796246197047088 0.0023029300713404066 -0.00059962949954627984 -0.0017530833324357999 -0.0025606921009199085 -0.031132540584799796 -0.018940845035130015 3.317525213593759e-05
leaf_weight=72 255 360 262 339 1094 122 183 7747 82
leaf_count=48 43 56 66 67 470 26 63 5179 42
internal_value=-0.000111742 -0.000216875 0.00053478 0.00195682 -0.00018249 -0.000408629 -5.88692e-05 -0.000418639 0
internal_weight=10516 10261 2055 699 1356 8206 305 7901 154
internal_count=6060 6017 659 123 536 5358 89 5269 90
is_linear=0
shrinkage=0.00866619


Tree=21
num_leaves=10
num_cat=0
split_feature=9 6 43 22 44 10 9 34 34
split_gain=63.047 40.9387 17.262 29.8486 5.53099 0.748648 2.82401 3.52279 0.174576
threshold=0.79091635943066529 0.60355339059327384 30.382083333333338 27.425000000000004 2.6815276770449015 -0.9523422988233432 0.19244979981841034 1.1655104440200701 2.3153704709097096
decision_type=2 2 2 2 2 2 2 2 2
left_child=2 -2 5 -4 -5 6 8 -8 -1
right_child=1 -3 3 4 -6 -7 7 -9 -10
leaf_value=-0.021248848482359785 0.009505640066206392 0.049898078695393637 0.0075086132543021548 0.0013169532670376338 -0.00062723492365620974 -0.016175459542207202 -0.0047585565787445069 0.0035056452492705421 -0.0082817960488377543
leaf_weight=880 192 220 366 158 862 7537 100 94 107
leaf_count=632 68 28 46 46 318 4797 52 34 39
internal_value=-0.000111742 0.00318694 -0.000250377 0.00063905 -0.000100249 -0.000395175 -0.000152781 0.00074801 -0.000360056
internal_weight=10516 412 10104 1386 1020 8718 1181 194 987
internal_count=6060 96 5964 410 364 5554 757 86 671
is_linear=0
shrinkage=0.00866619


Tree=22
num_leaves=11
num_cat=0
split_feature=9 6 43 22 44 10 9 43 10 10
split_gain=59.2982 38.0886 17.262 29.8486 5.53099 0.748648 2.82401 3.17003 0.0329838 0.00266924
threshold=0.79091635943066529 0.60355339059327384 30.382083333333338 27.425000000000004 2.6815276770449015 -0.9523422988233432 0.19244979981841034 30.143541666666668 -0.9993703818063705 -0.99981480381338828
decision_type=2 2 2 2 2 2 2 2 2 2
left_child=2 -2 5 -4 -5 6 8 -8 9 -1
right_child=1 -3 3 4 -6 -7 7 -9 -10 -11
leaf_value=-0.0062555918605885618 0.0094232624134244752 0.049465652622806902 0.0074435422089829213 0.0013055403039750446 -0.00062179918861957051 -0.016035279987703301 0.0034752646725698198 -0.0046670563605429524 -0.02068164146322303 0.00010465934107554731
leaf_weight=72 192 220 366 158 862 7537 99 95 823 92
leaf_count=48 68 28 46 46 318 4797 39 47 575 48
internal_value=-0.00011586 0.00308296 -0.000250377 0.00063905 -0.000100249 -0.000395175 -0.000152781 0.00074801 -0.000360056 -2.77638e-06
internal_weight=10516 412 10104 1386 1020 8718 1181 194 987 164
internal_count=6060 96 5964 410 364 5554 757 86 671 96
is_linear=0
shrinkage=0.00866619


Tree=23
num_leaves=10
num_cat=0
split_feature=9 6 43 17 4 34 10 10 10
split_gain=59.7024 38.0886 12.8171 19.5958 6.19452 0.208153 0.182207 0.101507 0.00268656
threshold=0.79091635943066529 0.60355339059327384 29.807083333333338 31.53207057206426 1008.6500000000002 3.3744992985553743 -0.021515300460958599 -0.9993703818063705 -0.99981480381338828
decision_type=2 2 2 2 2 2 2 2 2
left_child=2 -2 5 -4 -5 7 -7 8 -1
right_child=1 -3 3 4 -6 6 -8 -9 -10
leaf_value=-0.0062013797327731303 0.0093415986607724311 0.049036974035356694 0.007784376120676624 -0.0012129313649808632 0.0030623718347185954 -0.0024387362899668426 -0.030583595884704679 -0.017635632536277205 0.00010375234367195163
leaf_weight=72 192 220 419 1108 314 122 183 7804 82
leaf_count=48 68 28 71 444 70 26 63 5200 42
internal_value=-0.000126569 0.00308296 -0.000261522 0.000384089 -8.47586e-05 -0.0004088 -5.88692e-05 -0.000418744 0
internal_weight=10516 412 10104 1841 1422 8263 305 7958 154
internal_count=6060 96 5964 585 514 5379 89 5290 90
is_linear=0
shrinkage=0.00866619


Tree=24
num_leaves=12
num_cat=0
split_feature=9 6 43 17 9 1 34 34 10 10 10
split_gain=59.5468 38.0886 13.5731 19.0587 5.70147 12.7614 0.208153 0.202895 0.182207 0.101507 0.00268656
threshold=0.79091635943066529 0.60355339059327384 29.807083333333338 31.53207057206426 0.7469444191903023 1.4750000000000003 3.3744992985553743 2.2202171442052845 -0.021515300460958599 -0.9993703818063705 -0.99981480381338828
decision_type=2 2 2 2 2 2 2 2 2 2 2
left_child=2 -2 6 -4 7 -6 9 -5 -8 10 -1
right_child=1 -3 3 4 5 -7 8 -9 -10 -11 -12
leaf_value=-0.0061476374173859592 0.0092606426214583652 0.048612010456636649 0.0077169152628357727 -0.00032200957484773414 0.011031123214243181 -0.0037515572049658594 -0.002417601745641337 1.6093071094260345e-06 -0.030318552728739942 -0.017482798849798031 0.00010285320647734177
leaf_weight=72 192 220 419 1005 119 200 122 98 183 7804 82
leaf_count=48 68 28 71 405 23 72 26 14 63 5200 42
internal_value=-0.00012245 0.00308296 -0.000257235 0.000407565 -5.43881e-05 0.000934343 -0.0004088 -0.000367727 -5.88692e-05 -0.000418744 0
internal_weight=10516 412 10104 1841 1422 319 8263 1103 305 7958 154
internal_count=6060 96 5964 585 514 95 5379 419 89 5290 90
is_linear=0
shrinkage=0.00866619


Tree=25
num_leaves=12
num_cat=0
split_feature=43 43 17 10 35 34 39 34 10 10 10
split_gain=59.0143 15.4216 20.6339 6.92784 20.4391 0.555602 0.294093 0.207856 0.182207 0.101411 0.00268656
threshold=35.068958333333342 29.764166666666672 30.738579959986467 -0.66483077113278999 34.669233716478935 2.2202171442052845 26.869999999999987 3.3744992985553743 -0.021515300460958599 -0.9993703818063705 -0.99981480381338828
decision_type=2 2 2 2 2 2 2 2 2 2 2
left_child=1 7 -3 5 -5 6 -4 9 -9 10 -1
right_child=-2 2 3 4 -6 -7 -8 8 -10 -11 -12
leaf_value=-0.0060943608429447765 0.048190729691687077 0.0085030171741004874 0.00044142684122037176 0.0099586124562891874 -0.006020434659853767 -0.00020994990420507143 -0.00019772494471446798 -0.0023966503572255943 -0.030055806486283674 -0.018199110836729624 0.0001019618613736209
leaf_weight=72 255 345 62 165 303 104 1076 122 183 7747 82
leaf_count=48 43 57 10 29 119 16 428 26 63 5179 42
internal_value=-0.000133158 -0.000238824 0.000425387 1.69511e-05 0.000924913 -0.000305528 -0.000369735 -0.000408629 -5.88692e-05 -0.000418639 0
internal_weight=10516 10261 2055 1710 468 1242 1138 8206 305 7901 154
internal_count=6060 6017 659 602 148 454 438 5358 89 5269 90
is_linear=0
shrinkage=0.00866619


Tree=26
num_leaves=10
num_cat=0
split_feature=9 6 43 39 34 10 9 34 34
split_gain=59.9518 38.0886 13.225 18.0268 4.32708 0.748648 2.82401 3.52279 0.174576
threshold=0.79091635943066529 0.60355339059327384 30.382083333333338 27.709999999999997 1.8803250780632876 -0.9523422988233432 0.19244979981841034 1.1655104440200701 2.3153704709097096
decision_type=2 2 2 2 2 2 2 2 2
left_child=2 -2 5 -4 -5 6 8 -8 -1
right_child=1 -3 3 4 -6 -7 7 -9 -10
leaf_value=-0.019990883509892449 0.0087627582951749529 0.047773099824555722 0.0070046199129124402 -0.00066305979552597715 0.005250779093931633 -0.015434255473024601 -0.004884898261932176 0.0032371215568634225 -0.008218192663799008
leaf_weight=880 192 220 382 793 211 7537 100 94 107
leaf_count=632 68 28 54 325 31 4797 52 34 39
internal_value=-0.000133158 0.00308296 -0.00026838 0.000508191 -7.77844e-05 -0.000395175 -0.000152781 0.00074801 -0.000360056
internal_weight=10516 412 10104 1386 1004 8718 1181 194 987
internal_count=6060 96 5964 410 356 5554 757 86 671
is_linear=0
shrinkage=0.00866619


Tree=27
num_leaves=10
num_cat=0
split_feature=9 6 43 17 4 34 10 10 10
split_gain=59.7024 38.0886 12.8171 19.5958 6.19452 0.208153 0.182207 0.101507 0.00268656
threshold=0.79091635943066529 0.60355339059327384 29.807083333333338 31.53207057206426 1008.6500000000002 3.3744992985553743 -0.021515300460958599 -0.9993703818063705 -0.99981480381338828
decision_type=2 2 2 2 2 2 2 2 2
left_child=2 -2 5 -4 -5 7 -7 8 -1
right_child=1 -3 3 4 -6 6 -8 -9 -10
leaf_value=-0.0058683012417961779 0.0086868185946156994 0.047359089215880057 0.0075156469530570265 -0.0014154288878153159 0.0027911005453999517 -0.0022828198590065913 -0.029661581110295269 -0.017039816612333992 0.00017229863388792737
leaf_weight=72 192 220 419 1108 314 122 183 7804 82
leaf_count=48 68 28 71 444 70 26 63 5200 42
internal_value=-0.000126569 0.00308296 -0.000261522 0.000384089 -8.47586e-05 -0.0004088 -5.88692e-05 -0.000418744 0
internal_weight=10516 412 10104 1841 1422 8263 305 7958 154
internal_count=6060 96 5964 585 514 5379 89 5290 90
is_linear=0
shrinkage=0.00866619


Tree=28
num_leaves=11
num_cat=0
split_feature=43 43 17 4 1 3 34 10 10 10
split_gain=59.1363 14.6649 24.9985 7.07332 16.9354 0.279652 0.207856 0.182207 0.101411 0.00268656
threshold=35.068958333333342 29.764166666666672 30.807743356833431 1008.6500000000002 1.4750000000000003 0.19050000000000003 3.3744992985553743 -0.021515300460958599 -0.9993703818063705 -0.99981480381338828
decision_type=2 2 2 2 2 2 2 2 2 2
left_child=1 6 -3 5 -5 -4 8 -8 9 -1
right_child=-2 2 3 4 -6 -7 7 -9 -10 -11
leaf_value=-0.0058174454468418804 0.046948666500490024 0.0076899323803573151 0.005362959488779225 0.011037397117659112 -0.00026968646572009025 -0.00028602456850895352 -0.0022630365156021568 -0.029404528306628444 -0.017762732496757555 0.00017080546173559475
leaf_weight=72 255 404 70 133 240 1208 122 183 7747 82
leaf_count=48 43 64 14 21 72 488 26 63 5179 42
internal_value=-0.000137277 -0.000243044 0.00040435 -5.44552e-05 0.000968251 -0.000376674 -0.000408629 -5.88692e-05 -0.000418639 0
internal_weight=10516 10261 2055 1651 373 1278 8206 305 7901 154
internal_count=6060 6017 659 595 93 502 5358 89 5269 90
is_linear=0
shrinkage=0.00866619


Tree=29
num_leaves=9
num_cat=0
split_feature=43 43 17 4 1 17 34 43
split_gain=59.5764 12.1013 20.0357 6.82419 16.9354 0.654017 0.207856 0.114314
threshold=35.068958333333342 29.764166666666672 30.738579959986467 1008.6500000000002 1.4750000000000003 31.40034649632582 3.3744992985553743 28.167708333333341
decision_type=2 2 2 2 2 2 2 2
left_child=1 6 -3 5 -5 -4 -1 -8
right_child=-2 2 3 4 -6 -7 7 -9
leaf_value=-0.016874239600984976 0.046541800585032114 0.0082368507023557625 -6.465595891304559e-05 0.010941744972086397 -0.00026734931242179498 -0.00029194354532514037 -0.025164463381803486 -0.0071177086052507622
leaf_weight=7901 255 345 101 133 240 1236 153 152
leaf_count=5269 43 57 17 21 72 492 57 32
internal_value=-0.000152104 -0.00025824 0.000328616 -4.2221e-05 0.000968251 -0.00034687 -0.000408629 -5.88692e-05
internal_weight=10516 10261 2055 1710 373 1337 8206 305
internal_count=6060 6017 659 602 93 509 5358 89
is_linear=0
shrinkage=0.00866619


end of trees

feature_importances:
temp_c_roll24h_mean=49
hour_cos=37
heat_index_c_roll3h_std=34
doy_sin=29
doy_cos=28
cloud_cover=18
temp_c_lag3h=11
heat_index_c_lag3h=10
precip_mm=5
heat_index_c_lag6h=5
hi_change_3h=5
pressure_hpa=4
local_hour_sin=4
heat_index_c_roll24h_std=4
cloud_cover_lag3h=4
precip_mm_lag1h=4
precip_mm_lag3h=4
temp_c_roll3h_mean=3
cloud_cover_lag1h=3
wind_ms_lag3h=3
heat_index_c_lag1h=2
rh_lag6h=2
heat_index_c_roll24h_mean=2
temp_c_roll24h_std=2
temp_x_rh=2
rh_lag24h=1
temp_change_3h=1
heat_index_c_roll6h_mean=1
heat_index_c_roll6h_std=1
wind_ms_lag1h=1

parameters:
[boosting: gbdt]
[objective: quantile]
[metric: quantile]
[tree_learner: serial]
[device_type: cpu]
[data_sample_strategy: bagging]
[data: ]
[valid: ]
[num_iterations: 2000]
[learning_rate: 0.00866619]
[num_leaves: 187]
[num_threads: -1]
[seed: 42]
[deterministic: 0]
[force_col_wise: 0]
[force_row_wise: 0]
[histogram_pool_size: -1]
[max_depth: -1]
[min_data_in_leaf: 36]
[min_sum_hessian_in_leaf: 0.001]
[bagging_fraction: 0.974843]
[pos_bagging_fraction: 1]
[neg_bagging_fraction: 1]
[bagging_freq: 0]
[bagging_seed: 400]
[bagging_by_query: 0]
[feature_fraction: 0.948315]
[feature_fraction_bynode: 1]
[feature_fraction_seed: 30056]
[extra_trees: 0]
[extra_seed: 12879]
[early_stopping_round: 0]
[early_stopping_min_delta: 0]
[first_metric_only: 0]
[max_delta_step: 0]
[lambda_l1: 3.14594]
[lambda_l2: 4.74095]
[linear_lambda: 0]
[min_gain_to_split: 0]
[drop_rate: 0.1]
[max_drop: 50]
[skip_drop: 0.5]
[xgboost_dart_mode: 0]
[uniform_drop: 0]
[drop_seed: 17869]
[top_rate: 0.2]
[other_rate: 0.1]
[min_data_per_group: 100]
[max_cat_threshold: 32]
[cat_l2: 10]
[cat_smooth: 10]
[max_cat_to_onehot: 4]
[top_k: 20]
[monotone_constraints: ]
[monotone_constraints_method: basic]
[monotone_penalty: 0]
[feature_contri: ]
[forcedsplits_filename: ]
[refit_decay_rate: 0.9]
[cegb_tradeoff: 1]
[cegb_penalty_split: 0]
[cegb_penalty_feature_lazy: ]
[cegb_penalty_feature_coupled: ]
[path_smooth: 0]
[interaction_constraints: ]
[verbosity: -1]
[saved_feature_importance_type: 0]
[use_quantized_grad: 0]
[num_grad_quant_bins: 4]
[quant_train_renew_leaf: 0]
[stochastic_rounding: 1]
[linear_tree: 0]
[max_bin: 255]
[max_bin_by_feature: ]
[min_data_in_bin: 3]
[bin_construct_sample_cnt: 200000]
[data_random_seed: 175]
[is_enable_sparse: 1]
[enable_bundle: 1]
[use_missing: 1]
[zero_as_missing: 0]
[feature_pre_filter: 1]
[pre_partition: 0]
[two_round: 0]
[header: 0]
[label_column: ]
[weight_column: ]
[group_column: ]
[ignore_column: ]
[categorical_feature: ]
[forcedbins_filename: ]
[precise_float_parser: 0]
[parser_config_file: ]
[objective_seed: 16083]
[num_class: 1]
[is_unbalance: 0]
[scale_pos_weight: 1]
[sigmoid: 1]
[boost_from_average: 1]
[reg_sqrt: 0]
[alpha: 0.95]
[fair_c: 1]
[poisson_max_delta_step: 0.7]
[tweedie_variance_power: 1.5]
[lambdarank_truncation_level: 30]
[lambdarank_norm: 1]
[label_gain: ]
[lambdarank_position_bias_regularization: 0]
[eval_at: ]
[multi_error_top_k: 1]
[auc_mu_weights: ]
[num_machines: 1]
[local_listen_port: 12400]
[time_out: 120]
[machine_list_filename: ]
[machines: ]
[gpu_platform_id: -1]
[gpu_device_id: -1]
[gpu_use_dp: 0]
[num_gpu: 1]

end of parameters

pandas_categorical:[]
