tree
version=v4
num_class=1
num_tree_per_iteration=1
label_index=0
max_feature_idx=63
objective=quantile
feature_names=wind_ms precip_mm solar_wm2 cloud_cover pressure_hpa hour_sin hour_cos local_hour_sin local_hour_cos doy_sin doy_cos month station_enc lat lon elevation_m heat_index_c_lag1h heat_index_c_lag3h heat_index_c_lag6h heat_index_c_lag12h heat_index_c_lag24h temp_c_lag1h temp_c_lag3h temp_c_lag6h temp_c_lag12h temp_c_lag24h rh_lag1h rh_lag3h rh_lag6h rh_lag12h rh_lag24h hi_change_3h temp_change_3h heat_index_c_roll3h_mean heat_index_c_roll3h_std heat_index_c_roll6h_mean heat_index_c_roll6h_std heat_index_c_roll24h_mean heat_index_c_roll24h_std temp_c_roll3h_mean temp_c_roll3h_std temp_c_roll6h_mean temp_c_roll6h_std temp_c_roll24h_mean temp_c_roll24h_std temp_x_rh temp_x_evening solar_wm2_lag1h solar_wm2_lag3h solar_wm2_lag6h solar_wm2_roll6h_mean temp_x_solar cloud_cover_lag1h cloud_cover_lag3h cloud_cover_lag6h pressure_hpa_lag1h pressure_hpa_lag3h pressure_hpa_lag6h wind_ms_lag1h wind_ms_lag3h precip_mm_lag1h precip_mm_lag3h _hi_clim hi_residual_lag1h
feature_infos=[0.059999999999999998:8.0399999999999991] [0:123.68000000000001] [0:967.39999999999998] [0:1] [999.70000000000005:1020.1] [-1:1] [-1:1] [-1:1] [-1:1] [-0.99999073973619013:0.82635419872390958] [-0.99996295911626554:1] [1:12] none none none none [15.543062617385331:46.705090229168285] [15.543062617385331:46.705090229168285] [15.543062617385331:46.705090229168285] [15.543062617385331:46.705090229168285] [15.543062617385331:47.117941747531241] [14.83:42.740000000000002] [14.83:42.740000000000002] [14.83:42.740000000000002] [14.83:42.740000000000002] [15.25:42.789999999999999] [26.199999999999999:98.299999999999997] [26.199999999999999:98.299999999999997] [26.199999999999999:98.299999999999997] [26.199999999999999:98.299999999999997] [26.199999999999999:98.299999999999997] [-8.0370101143076411:13.211166289457765] [-8.0100000000000016:11.800000000000001] [15.847133169309267:46.520925982866366] [0.0081557551711664532:4.9032769199001098] [16.59031288783498:45.927445778806828] [0.10493055143379597:6.8091820899401689] [22.575260778152696:41.479553319998374] [0.88478854658695105:6.7367631627095896] [15.219999999999994:42.563333333333333] [0.0057735026954761461:4.388769759283381] [15.766666666666666:41.948333333333331] [0.053166405427821119:6.4665384867022011] [20.677916666666665:35.690416666666664] [0.95711286493927128:6.429854281938189] [918.31299999999999:2708.0299999999997] [0:42.299999999999997] [0:967.39999999999998] [0:967.39999999999998] [0:967.39999999999998] [0:844.45000000000016] [0:37913.484000000004] [0:1] [0:1] [0:1] [999.70000000000005:1020.1] [999.70000000000005:1020.1] [999.70000000000005:1020.1] [0.059999999999999998:8.0399999999999991] [0.059999999999999998:8.0399999999999991] [0:123.68000000000001] [0:123.68000000000001] [19.631991987469316:42.002550586120272] [-9.3100573808761524:7.4108390635408306]
tree_sizes=797 771 866 865 773 771 847 848 1023 1028 1027 1028 1029 1029 1029 1029 864 852 1029 1039 692 694 695 769 693 768 770 770 771 758 770 769 771 862 861 862 861 862 858 864 864 861 861 864 960 946 870 780 1049 964 770 779 856 697 871 960 857 961 856 697 778 778 787 780 1052 948 880 872 782 788 874 1039 872

Tree=0
num_leaves=8
num_cat=0
split_feature=9 3 22 43 17 3 34
split_gain=77.882 52.1008 33.5254 6.10642 13.9011 1.5138 0.701873
threshold=0.7469444191903023 0.31350000000000006 28.045000000000005 30.382083333333338 30.738579959986467 0.55350000000000021 0.23132753541236137
decision_type=2 2 2 2 2 2 2
left_child=3 -2 -3 -1 -5 -6 -4
right_child=1 2 6 4 5 -7 -8
leaf_value=36.595423795744971 36.665533248547064 36.631041795859531 36.664753290409728 36.619515784562132 36.613622774870919 36.608698391273343 36.600955938096234
leaf_weight=8718 199 128 87 216 117 729 322
leaf_count=5554 27 20 23 28 25 261 122
internal_value=36.6125 36.6152 36.6137 36.6123 36.6129 36.6124 36.6124
internal_weight=10516 736 537 9780 1062 846 409
internal_count=6060 192 165 5868 314 286 145
is_linear=0
shrinkage=1


Tree=1
num_leaves=7
num_cat=0
split_feature=9 6 43 17 3 30
split_gain=69.9588 51.9068 6.10642 13.9011 1.5138 1.30867
threshold=0.7469444191903023 0.60355339059327384 30.382083333333338 30.738579959986467 0.55350000000000021 35.500000000000007
decision_type=2 2 2 2 2 2
left_child=2 5 -1 -4 -5 -2
right_child=1 -3 3 4 -6 -7
leaf_value=-0.016859392859922627 0.026817212470984127 0.052642478325420253 0.00702381028096913 0.0011818705127476441 -0.0036998374565349514 -0.00030792851420946733
leaf_weight=8718 72 392 216 117 729 272
leaf_count=5554 24 56 28 25 261 112
internal_value=1.26642e-05 0.00258291 -0.000179133 0.000430523 -4.31305e-05 3.81215e-05
internal_weight=10516 736 9780 1062 846 344
internal_count=6060 192 5868 314 286 136
is_linear=0
shrinkage=0.00866619


Tree=2
num_leaves=8
num_cat=0
split_feature=43 43 33 3 43 59 41
split_gain=59.6016 14.979 18.7046 3.53523 0.958911 5.90206 0.374526
threshold=35.068958333333342 30.382083333333338 33.152352426220823 0.41100000000000003 29.764166666666672 1.0750000000000004 28.151666666666674
decision_type=2 2 2 2 2 2 2
left_child=1 4 -3 -4 -1 -6 -5
right_child=-2 2 3 6 5 -7 -8
leaf_value=-0.022245426265854001 0.052186268772895041 0.0020435626012887077 0.014315008509877864 0.0038431080794592435 0.017040472676317274 -0.0042305380764578234 -0.0023448741989489557
leaf_weight=8206 255 459 128 128 65 490 785
leaf_count=5358 43 67 24 16 17 190 345
internal_value=8.54562e-06 -9.25934e-05 0.000701789 3.00333e-05 -0.000232018 8.05721e-05 -0.000134506
internal_weight=10516 10261 1500 1041 8761 555 913
internal_count=6060 6017 452 385 5565 207 361
is_linear=0
shrinkage=0.00866619


Tree=3
num_leaves=8
num_cat=0
split_feature=43 43 33 3 43 59 41
split_gain=59.6016 14.979 18.7046 3.53523 0.958911 5.90206 0.374526
threshold=35.068958333333342 30.382083333333338 33.152352426220823 0.41100000000000003 29.764166666666672 1.0750000000000004 28.151666666666674
decision_type=2 2 2 2 2 2 2
left_child=1 4 -3 -4 -1 -6 -5
right_child=-2 2 3 6 5 -7 -8
leaf_value=-0.02205264324565227 0.051734012817587056 0.0020258527059808301 0.014190951971613942 0.0038098029868228835 0.016892796756380092 -0.0041938754430827343 -0.0023245530810407783
leaf_weight=8206 255 459 128 128 65 490 785
leaf_count=5358 43 67 24 16 17 190 345
internal_value=8.54562e-06 -9.25934e-05 0.000701789 3.00333e-05 -0.000232018 8.05721e-05 -0.000134506
internal_weight=10516 10261 1500 1041 8761 555 913
internal_count=6060 6017 452 385 5565 207 361
is_linear=0
shrinkage=0.00866619


Tree=4
num_leaves=7
num_cat=0
split_feature=9 6 43 17 3 30
split_gain=67.0243 49.4697 6.10642 13.9011 1.5138 1.30867
threshold=0.7469444191903023 0.60355339059327384 30.382083333333338 30.738579959986467 0.55350000000000021 35.500000000000007
decision_type=2 2 2 2 2 2
left_child=2 5 -1 -4 -5 -2
right_child=1 -3 3 4 -6 -7
leaf_value=-0.016700795167199533 0.025684216921356865 0.051285676196884102 0.0069276743154397715 0.00092459022268226757 -0.0038069574195008691 -0.0012058525241850243
leaf_weight=8718 72 392 216 117 729 272
leaf_count=5554 24 56 28 25 261 112
internal_value=8.54562e-06 0.00252442 -0.000179133 0.000430523 -4.31305e-05 3.81215e-05
internal_weight=10516 736 9780 1062 846 344
internal_count=6060 192 5868 314 286 136
is_linear=0
shrinkage=0.00866619


Tree=5
num_leaves=7
num_cat=0
split_feature=9 6 43 17 3 30
split_gain=64.1526 47.0912 6.10642 13.9011 1.5138 1.30867
threshold=0.7469444191903023 0.60355339059327384 30.382083333333338 30.738579959986467 0.55350000000000021 35.500000000000007
decision_type=2 2 2 2 2 2
left_child=2 5 -1 -4 -5 -2
right_child=1 -3 3 4 -6 -7
leaf_value=-0.016556062956019364 0.025461632698854663 0.050841224945100308 0.0068676377955033206 0.00091657755106846247 -0.0037739656152378526 -0.0011954023809172614
leaf_weight=8718 72 392 216 117 729 272
leaf_count=5554 24 56 28 25 261 112
internal_value=4.427e-06 0.00246592 -0.000179133 0.000430523 -4.31305e-05 3.81215e-05
internal_weight=10516 736 9780 1062 846 344
internal_count=6060 192 5868 314 286 136
is_linear=0
shrinkage=0.00866619


Tree=6
num_leaves=8
num_cat=0
split_feature=9 3 7 43 17 3 63
split_gain=61.3436 46.1453 20.5195 6.10642 13.9011 1.5138 0.3769
threshold=0.7469444191903023 0.31350000000000006 0.91597561503675362 30.382083333333338 30.738579959986467 0.55350000000000021 -1.2858351119821589
decision_type=2 2 2 2 2 2 2
left_child=3 -2 6 -1 -5 -6 -3
right_child=1 2 -4 4 5 -7 -8
leaf_value=-0.016412585021222014 0.050400625390902648 0.015861349817574352 0.049627426516509095 0.0068081215632654814 0.00090863431876389827 -0.0037412597241145225 -0.0044987386726783856
leaf_weight=8718 199 77 145 216 117 729 315
leaf_count=5554 27 33 21 28 25 261 111
internal_value=3.08375e-07 0.00240742 0.00100371 -0.000179133 0.000430523 -4.31305e-05 0
internal_weight=10516 736 537 9780 1062 846 392
internal_count=6060 192 165 5868 314 286 144
is_linear=0
shrinkage=0.00866619


Tree=7
num_leaves=8
num_cat=0
split_feature=9 3 22 43 17 3 34
split_gain=61.3436 46.1453 21.7048 6.10642 13.9011 1.5138 0.701873
threshold=0.7469444191903023 0.31350000000000006 28.045000000000005 30.382083333333338 30.738579959986467 0.55350000000000021 0.23132753541236137
decision_type=2 2 2 2 2 2 2
left_child=3 -2 -3 -1 -5 -6 -4
right_child=1 2 6 4 5 -7 -8
leaf_value=-0.016270350493014053 0.049963844154760288 0.016643327788925702 0.049197345966271351 0.0067491211098157852 0.00090075992399454613 -0.0037088372683542026 -0.012637000407305593
leaf_weight=8718 199 128 87 216 117 729 322
leaf_count=5554 27 20 23 28 25 261 122
internal_value=3.08375e-07 0.00240742 0.00100371 -0.000179133 0.000430523 -4.31305e-05 0
internal_weight=10516 736 537 9780 1062 846 409
internal_count=6060 192 165 5868 314 286 145
is_linear=0
shrinkage=0.00866619


Tree=8
num_leaves=10
num_cat=0
split_feature=9 3 7 43 17 3 63 43 43
split_gain=61.1368 46.1453 20.5195 6.0172 13.9011 1.5138 0.3769 0.0486051 0.0014525
threshold=0.7469444191903023 0.31350000000000006 0.91597561503675362 30.382083333333338 30.738579959986467 0.55350000000000021 -1.2858351119821589 30.069791666666667 30.20354166666667
decision_type=2 2 2 2 2 2 2 2 2
left_child=3 -2 6 7 -5 -6 -3 -1 -9
right_child=1 2 -4 4 5 -7 -8 8 -10
leaf_value=-0.01826042691157798 0.049530848146415507 0.01557965820848688 0.048770992574435255 0.0066906319653189626 0.000892953770201453 -0.0036766957916530884 -0.0041244011863884591 0.00013692802281252485 -0.0087892338364337387
leaf_weight=8446 199 77 145 216 117 729 315 153 119
leaf_count=5442 27 33 21 28 25 261 111 45 67
internal_value=4.427e-06 0.00240742 0.00100371 -0.000174704 0.000430523 -4.31305e-05 0 -0.000251751 -4.39964e-07
internal_weight=10516 736 537 9780 1062 846 392 8718 272
internal_count=6060 192 165 5868 314 286 144 5554 112
is_linear=0
shrinkage=0.00866619


Tree=9
num_leaves=10
num_cat=0
split_feature=9 3 22 43 17 3 34 43 43
split_gain=61.1368 46.1453 21.7048 6.0172 13.9011 1.5138 0.701873 0.0486051 0.0014525
threshold=0.7469444191903023 0.31350000000000006 28.045000000000005 30.382083333333338 30.738579959986467 0.55350000000000021 0.23132753541236137 30.069791666666667 30.20354166666667
decision_type=2 2 2 2 2 2 2 2 2
left_child=3 -2 -3 7 -5 -6 -4 -1 -9
right_child=1 2 6 4 5 -7 -8 8 -10
leaf_value=-0.018102178640310145 0.049101604562377006 0.016076435067096911 0.048348334040749744 0.0066326496986760242 0.00088521526599554456 -0.0036448328589941607 -0.012491742969510139 0.00013574137898415112 -0.0087130646938874678
leaf_weight=8446 199 128 87 216 117 729 322 153 119
leaf_count=5442 27 20 23 28 25 261 122 45 67
internal_value=4.427e-06 0.00240742 0.00100371 -0.000174704 0.000430523 -4.31305e-05 0 -0.000251751 -4.39964e-07
internal_weight=10516 736 537 9780 1062 846 409 8718 272
internal_count=6060 192 165 5868 314 286 145 5554 112
is_linear=0
shrinkage=0.00866619


Tree=10
num_leaves=10
num_cat=0
split_feature=9 3 22 43 17 3 34 43 43
split_gain=61.1368 46.1453 21.7048 6.0172 13.9011 1.5138 0.701873 0.0486051 0.0014525
threshold=0.7469444191903023 0.31350000000000006 28.045000000000005 30.382083333333338 30.738579959986467 0.55350000000000021 0.23132753541236137 30.069791666666667 30.20354166666667
decision_type=2 2 2 2 2 2 2 2 2
left_child=3 -2 -3 7 -5 -6 -4 -1 -9
right_child=1 2 6 4 5 -7 -8 8 -10
leaf_value=-0.017945301778127143 0.048676080883434739 0.015937113677195316 0.0479293383448837 0.0065751699171888514 0.00087754382511291988 -0.0036132460564627026 -0.012383487191065377 0.00013456501883289982 -0.0086375556473614092
leaf_weight=8446 199 128 87 216 117 729 322 153 119
leaf_count=5442 27 20 23 28 25 261 122 45 67
internal_value=4.427e-06 0.00240742 0.00100371 -0.000174704 0.000430523 -4.31305e-05 0 -0.000251751 -4.39964e-07
internal_weight=10516 736 537 9780 1062 846 409 8718 272
internal_count=6060 192 165 5868 314 286 145 5554 112
is_linear=0
shrinkage=0.00866619


Tree=11
num_leaves=10
num_cat=0
split_feature=9 3 22 43 17 3 34 43 43
split_gain=61.1368 46.1453 21.7048 6.0172 13.9011 1.5138 0.701873 0.0486051 0.0014525
threshold=0.7469444191903023 0.31350000000000006 28.045000000000005 30.382083333333338 30.738579959986467 0.55350000000000021 0.23132753541236137 30.069791666666667 30.20354166666667
decision_type=2 2 2 2 2 2 2 2 2
left_child=3 -2 -3 7 -5 -6 -4 -1 -9
right_child=1 2 6 4 5 -7 -8 8 -10
leaf_value=-0.017789784440141624 0.048254244872196081 0.015798999672488462 0.047513973744000307 0.0065181882662271283 0.00086993886637027013 -0.003581932991063476 -0.012276169577422363 0.00013339885323849682 -0.0085627009763401245
leaf_weight=8446 199 128 87 216 117 729 322 153 119
leaf_count=5442 27 20 23 28 25 261 122 45 67
internal_value=4.427e-06 0.00240742 0.00100371 -0.000174704 0.000430523 -4.31305e-05 0 -0.000251751 -4.39964e-07
internal_weight=10516 736 537 9780 1062 846 409 8718 272
internal_count=6060 192 165 5868 314 286 145 5554 112
is_linear=0
shrinkage=0.00866619


Tree=12
num_leaves=10
num_cat=0
split_feature=9 3 22 43 17 3 34 43 43
split_gain=61.1368 46.1453 21.7048 6.0172 13.9011 1.5138 0.701873 0.0486051 0.0014525
threshold=0.7469444191903023 0.31350000000000006 28.045000000000005 30.382083333333338 30.738579959986467 0.55350000000000021 0.23132753541236137 30.069791666666667 30.20354166666667
decision_type=2 2 2 2 2 2 2 2 2
left_child=3 -2 -3 7 -5 -6 -4 -1 -9
right_child=1 2 6 4 5 -7 -8 8 -10
leaf_value=-0.017635614844462889 0.047836064570643717 0.015662082589550652 0.047102208770352018 0.0064617004288987168 0.00086239981362091209 -0.0035508912905393162 -0.012169781998269636 0.00013224279385302788 -0.0084884950098832266
leaf_weight=8446 199 128 87 216 117 729 322 153 119
leaf_count=5442 27 20 23 28 25 261 122 45 67
internal_value=4.427e-06 0.00240742 0.00100371 -0.000174704 0.000430523 -4.31305e-05 0 -0.000251751 -4.39964e-07
internal_weight=10516 736 537 9780 1062 846 409 8718 272
internal_count=6060 192 165 5868 314 286 145 5554 112
is_linear=0
shrinkage=0.00866619


Tree=13
num_leaves=10
num_cat=0
split_feature=9 3 22 43 17 3 34 43 43
split_gain=61.1368 46.1453 21.7048 6.0172 13.9011 1.5138 0.701873 0.0486051 0.0014525
threshold=0.7469444191903023 0.31350000000000006 28.045000000000005 30.382083333333338 30.738579959986467 0.55350000000000021 0.23132753541236137 30.069791666666667 30.20354166666667
decision_type=2 2 2 2 2 2 2 2 2
left_child=3 -2 -3 7 -5 -6 -4 -1 -9
right_child=1 2 6 4 5 -7 -8 8 -10
leaf_value=-0.017482781311304253 0.047421508297714514 0.015526352055634251 0.046694012228896686 0.0064057021257223762 0.00085492609571125391 -0.0035201186031915124 -0.012064316393754621 0.00013109675309416505 -0.0084149321261957673
leaf_weight=8446 199 128 87 216 117 729 322 153 119
leaf_count=5442 27 20 23 28 25 261 122 45 67
internal_value=4.427e-06 0.00240742 0.00100371 -0.000174704 0.000430523 -4.31305e-05 0 -0.000251751 -4.39964e-07
internal_weight=10516 736 537 9780 1062 846 409 8718 272
internal_count=6060 192 165 5868 314 286 145 5554 112
is_linear=0
shrinkage=0.00866619


Tree=14
num_leaves=10
num_cat=0
split_feature=9 3 22 43 17 3 34 43 43
split_gain=61.1368 46.1453 21.7048 6.0172 13.9011 1.5138 0.701873 0.0486051 0.0014525
threshold=0.7469444191903023 0.31350000000000006 28.045000000000005 30.382083333333338 30.738579959986467 0.55350000000000021 0.23132753541236137 30.069791666666667 30.20354166666667
decision_type=2 2 2 2 2 2 2 2 2
left_child=3 -2 -3 7 -5 -6 -4 -1 -9
right_child=1 2 6 4 5 -7 -8 8 -10
leaf_value=-0.017331272262098376 0.047010544646899348 0.015391797787883691 0.046289353194934248 0.0063501891143036863 0.00084751714643732136 -0.0034896125977016048 -0.011959764773872778 0.00012996064413863963 -0.0083420067522023654
leaf_weight=8446 199 128 87 216 117 729 322 153 119
leaf_count=5442 27 20 23 28 25 261 122 45 67
internal_value=4.427e-06 0.00240742 0.00100371 -0.000174704 0.000430523 -4.31305e-05 0 -0.000251751 -4.39964e-07
internal_weight=10516 736 537 9780 1062 846 409 8718 272
internal_count=6060 192 165 5868 314 286 145 5554 112
is_linear=0
shrinkage=0.00866619


Tree=15
num_leaves=10
num_cat=0
split_feature=9 3 22 43 17 3 34 43 43
split_gain=61.1368 46.1453 21.7048 6.0172 13.9011 1.5138 0.701873 0.0486051 0.0014525
threshold=0.7469444191903023 0.31350000000000006 28.045000000000005 30.382083333333338 30.738579959986467 0.55350000000000021 0.23132753541236137 30.069791666666667 30.20354166666667
decision_type=2 2 2 2 2 2 2 2 2
left_child=3 -2 -3 7 -5 -6 -4 -1 -9
right_child=1 2 6 4 5 -7 -8 8 -10
leaf_value=-0.017181076218619806 0.046603142483863748 0.015258409592556667 0.045888201011763823 0.0062951571890136736 0.00084017240450202349 -0.0034593709629547791 -0.011856119217862554 0.00012883438091559177 -0.0082697133631248511
leaf_weight=8446 199 128 87 216 117 729 322 153 119
leaf_count=5442 27 20 23 28 25 261 122 45 67
internal_value=4.427e-06 0.00240742 0.00100371 -0.000174704 0.000430523 -4.31305e-05 0 -0.000251751 -4.39964e-07
internal_weight=10516 736 537 9780 1062 846 409 8718 272
internal_count=6060 192 165 5868 314 286 145 5554 112
is_linear=0
shrinkage=0.00866619


Tree=16
num_leaves=8
num_cat=0
split_feature=43 43 33 38 40 22 61
split_gain=59.7184 13.5232 16.1837 24.8933 5.33282 0.188827 0.0511124
threshold=35.068958333333342 29.764166666666672 33.152352426220823 4.3841150463966772 1.9075458319787106 27.425000000000004 0.48500000000000004
decision_type=2 2 2 2 2 2 2
left_child=1 -1 3 -3 5 -4 -5
right_child=-2 2 4 6 -6 -7 -8
leaf_value=-0.020061839238261606 0.04619927094408928 0.012739680789097303 0.0008328913134726029 0.00012771787810004337 0.0089815652776936445 -0.0026916074078541128 -0.010792790391090587
leaf_weight=8206 255 383 72 108 98 1157 237
leaf_count=5358 43 67 8 20 22 481 61
internal_value=4.427e-06 -9.68143e-05 0.000526786 0.00156134 -2.38433e-05 -0.000201767 -5.46138e-05
internal_weight=10516 10261 2055 728 1327 1229 345
internal_count=6060 6017 659 148 511 489 81
is_linear=0
shrinkage=0.00866619


Tree=17
num_leaves=8
num_cat=0
split_feature=9 3 22 37 17 34 34
split_gain=61.6807 46.1453 21.7048 4.15013 23.3108 0.701873 0.146334
threshold=0.7469444191903023 0.31350000000000006 28.045000000000005 36.159900341021192 30.738579959986467 0.23132753541236137 2.1506763129968727
decision_type=2 2 2 2 2 2 2
left_child=3 -2 -3 -1 -5 -4 -6
right_child=1 2 5 4 6 -7 -8
leaf_value=-0.014918771663988204 0.045798899430535056 0.015015772910339408 0.045090153774807053 0.0061301977267576727 -0.0038949264526962719 -0.011635763200779158 0.00082567332173839403
leaf_weight=8674 199 128 87 155 846 322 105
leaf_count=5550 27 20 23 15 290 122 13
internal_value=-1.09864e-06 0.00240742 0.00100371 -0.000186218 0.000301742 0 -0.000184832
internal_weight=10516 736 537 9780 1106 409 951
internal_count=6060 192 165 5868 318 145 303
is_linear=0
shrinkage=0.00866619


Tree=18
num_leaves=10
num_cat=0
split_feature=9 3 22 43 17 3 34 43 43
split_gain=61.1368 46.1453 21.7048 6.0172 13.9011 1.5138 0.701873 0.0486051 0.0014525
threshold=0.7469444191903023 0.31350000000000006 28.045000000000005 30.382083333333338 30.738579959986467 0.55350000000000021 0.23132753541236137 30.069791666666667 30.20354166666667
decision_type=2 2 2 2 2 2 2 2 2
left_child=3 -2 -3 7 -5 -6 -4 -1 -9
right_child=1 2 6 4 5 -7 -8 8 -10
leaf_value=-0.016653105467603367 0.045401997611319911 0.014885643416855091 0.044699394077861589 0.0060770722879338037 0.00081851788246913558 -0.0033443984059782932 -0.011534925502935557 0.00025589991366687525 -0.0080698644464970194
leaf_weight=8446 199 128 87 216 117 729 322 153 119
leaf_count=5442 27 20 23 28 25 261 122 45 67
internal_value=4.427e-06 0.00240742 0.00100371 -0.000174704 0.000430523 -4.31305e-05 0 -0.000251751 -4.39964e-07
internal_weight=10516 736 537 9780 1062 846 409 8718 272
internal_count=6060 192 165 5868 314 286 145 5554 112
is_linear=0
shrinkage=0.00866619


Tree=19
num_leaves=10
num_cat=0
split_feature=43 9 33 43 17 4 3 43 43
split_gain=60.3484 12.0009 26.3083 3.18246 10.4261 0.324941 0.137903 0.0539496 0.000924229
threshold=35.068958333333342 0.7236172338812249 33.363007225420894 30.382083333333338 30.654121705411754 1009.7500000000001 0.52650000000000008 30.069791666666667 30.20354166666667
decision_type=2 2 2 2 2 2 2 2 2
left_child=1 3 -3 7 -5 -4 -6 -1 -9
right_child=-2 2 5 4 6 -7 -8 8 -10
leaf_value=-0.017546301337158246 0.045008535417424472 0.01234654193652718 -0.0029259242296294191 0.0060244072440883197 0.00081142445357340598 0.0081133653418329326 -0.0032207323701251996 0.0002536822372044543 -0.0079999294934859234
leaf_weight=8381 255 171 360 203 101 94 685 150 116
leaf_count=5425 43 31 144 27 21 22 241 42 64
internal_value=-1.18071e-05 -0.000118763 0.00103355 -0.000196802 0.000254508 -8.95528e-06 -0.000169151 -0.000251683 0
internal_weight=10516 10261 625 9636 989 454 786 8647 266
internal_count=6060 6017 197 5820 289 166 262 5531 106
is_linear=0
shrinkage=0.00866619


Tree=20
num_leaves=6
num_cat=0
split_feature=43 43 17 59 34
split_gain=61.3146 5.80834 12.6448 5.34161 1.31039
threshold=35.068958333333342 29.764166666666672 30.162371942863306 0.94500000000000006 2.3436845260614225
decision_type=2 2 2 2 2
left_child=1 -1 -3 -4 -5
right_child=-2 2 3 4 -6
leaf_value=-0.019462312279695897 0.044618483040413118 0.01052100022137434 0.0146496442107092 -0.00020611997229360912 0.008043053401935436
leaf_weight=8206 255 290 135 1526 104
leaf_count=5358 43 50 39 554 16
internal_value=-4.39323e-05 -0.000151686 0.000253304 -8.83397e-06 -0.000163035
internal_weight=10516 10261 2055 1765 1630
internal_count=6060 6017 659 609 570
is_linear=0
shrinkage=0.00866619


Tree=21
num_leaves=6
num_cat=0
split_feature=43 43 17 59 34
split_gain=61.3146 5.80834 12.6448 5.34161 1.31039
threshold=35.068958333333342 29.764166666666672 30.162371942863306 0.94500000000000006 2.3436845260614225
decision_type=2 2 2 2 2
left_child=1 -1 -3 -4 -5
right_child=-2 2 3 4 -6
leaf_value=-0.019293648245276046 0.0442318109301756 0.010429823267784882 0.014522687656940852 -0.00020433369810370948 0.0079733507984457146
leaf_weight=8206 255 290 135 1526 104
leaf_count=5358 43 50 39 554 16
internal_value=-4.39323e-05 -0.000151686 0.000253304 -8.83397e-06 -0.000163035
internal_weight=10516 10261 2055 1765 1630
internal_count=6060 6017 659 609 570
is_linear=0
shrinkage=0.00866619


Tree=22
num_leaves=6
num_cat=0
split_feature=43 43 17 59 40
split_gain=61.3146 5.80834 12.6448 5.34161 0.686913
threshold=35.068958333333342 29.764166666666672 30.162371942863306 0.94500000000000006 1.6722041337939213
decision_type=2 2 2 2 2
left_child=1 -1 -3 -4 -5
right_child=-2 2 3 4 -6
leaf_value=-0.019126445884890493 0.043848489792688558 0.0103394364707101 0.01439683133238711 -0.00018685713052347779 0.00024339941341546407
leaf_weight=8206 255 290 135 1429 201
leaf_count=5358 43 50 39 517 53
internal_value=-4.39323e-05 -0.000151686 0.000253304 -8.83397e-06 -0.000163035
internal_weight=10516 10261 2055 1765 1630
internal_count=6060 6017 659 609 570
is_linear=0
shrinkage=0.00866619


Tree=23
num_leaves=7
num_cat=0
split_feature=43 43 17 4 34 58
split_gain=61.763 4.25172 11.536 2.21345 0.499378 0.172631
threshold=35.068958333333342 29.764166666666672 30.162371942863306 1009.85 2.3153704709097096 0.94500000000000006
decision_type=2 2 2 2 2 2
left_child=1 -1 -3 4 5 -4
right_child=-2 2 3 -5 -6 -7
leaf_value=-0.01896069253139893 0.043468490587796081 0.010249832982506025 0.0097656776408605473 0.014272065702256118 0.0027129688474300194 -0.00019041907784750494
leaf_weight=8206 255 290 101 104 99 1461
leaf_count=5358 43 50 33 24 15 537
internal_value=-5.87593e-05 -0.000166882 0.00017757 -7.24933e-05 -0.000164839 -0.000214141
internal_weight=10516 10261 2055 1765 1661 1562
internal_count=6060 6017 659 609 585 570
is_linear=0
shrinkage=0.00866619


Tree=24
num_leaves=6
num_cat=0
split_feature=43 43 17 34 59
split_gain=61.763 4.25172 11.536 1.80319 1.09759
threshold=35.068958333333342 29.764166666666672 30.162371942863306 2.3153704709097096 0.94500000000000006
decision_type=2 2 2 2 2
left_child=1 -1 -3 4 -4
right_child=-2 2 3 -5 -6
leaf_value=-0.018796375627436943 0.043091784527009597 0.010161006014871642 0.014148381314386147 0.0077784585180789116 -0.00019767420607520001
leaf_weight=8206 255 290 125 124 1516
leaf_count=5358 43 50 37 20 552
internal_value=-5.87593e-05 -0.000166882 0.00017757 -7.24933e-05 -0.000163683
internal_weight=10516 10261 2055 1765 1641
internal_count=6060 6017 659 609 589
is_linear=0
shrinkage=0.00866619


Tree=25
num_leaves=7
num_cat=0
split_feature=43 43 17 4 34 58
split_gain=61.763 4.25172 11.536 2.21345 0.499378 0.172631
threshold=35.068958333333342 29.764166666666672 30.162371942863306 1009.85 2.3153704709097096 0.94500000000000006
decision_type=2 2 2 2 2 2
left_child=1 -1 -3 4 5 -4
right_child=-2 2 3 -5 -6 -7
leaf_value=-0.018633482724464533 0.042718343071327089 0.010072948838334591 0.009558433938016777 0.01402576879852982 0.0026220481777346192 -0.00018705578894035241
leaf_weight=8206 255 290 101 104 99 1461
leaf_count=5358 43 50 33 24 15 537
internal_value=-5.87593e-05 -0.000166882 0.00017757 -7.24933e-05 -0.000164839 -0.000214141
internal_weight=10516 10261 2055 1765 1661 1562
internal_count=6060 6017 659 609 585 570
is_linear=0
shrinkage=0.00866619


Tree=26
num_leaves=7
num_cat=0
split_feature=43 43 17 4 34 58
split_gain=61.763 4.25172 11.536 2.21345 0.499378 0.172631
threshold=35.068958333333342 29.764166666666672 30.162371942863306 1009.85 2.3153704709097096 0.94500000000000006
decision_type=2 2 2 2 2 2
left_child=1 -1 -3 4 5 -4
right_child=-2 2 3 -5 -6 -7
leaf_value=-0.018472001481823052 0.042348137929070717 0.0099856547817413731 0.009475598763678119 0.013904218865643945 0.0025993250183409975 -0.00018543472852517042
leaf_weight=8206 255 290 101 104 99 1461
leaf_count=5358 43 50 33 24 15 537
internal_value=-5.87593e-05 -0.000166882 0.00017757 -7.24933e-05 -0.000164839 -0.000214141
internal_weight=10516 10261 2055 1765 1661 1562
internal_count=6060 6017 659 609 585 570
is_linear=0
shrinkage=0.00866619


Tree=27
num_leaves=7
num_cat=0
split_feature=43 43 17 4 34 58
split_gain=61.763 4.25172 11.536 2.21345 0.499378 0.172631
threshold=35.068958333333342 29.764166666666672 30.162371942863306 1009.85 2.3153704709097096 0.94500000000000006
decision_type=2 2 2 2 2 2
left_child=1 -1 -3 4 5 -4
right_child=-2 2 3 -5 -6 -7
leaf_value=-0.018311919665800348 0.041981141053743745 0.009899117231751995 0.0093934814544366363 0.013783722307186065 0.0025767987820921462 -0.00018382771652245691
leaf_weight=8206 255 290 101 104 99 1461
leaf_count=5358 43 50 33 24 15 537
internal_value=-5.87593e-05 -0.000166882 0.00017757 -7.24933e-05 -0.000164839 -0.000214141
internal_weight=10516 10261 2055 1765 1661 1562
internal_count=6060 6017 659 609 585 570
is_linear=0
shrinkage=0.00866619


Tree=28
num_leaves=7
num_cat=0
split_feature=43 43 17 4 34 58
split_gain=61.763 4.25172 11.536 2.21345 0.499378 0.172631
threshold=35.068958333333342 29.764166666666672 30.162371942863306 1009.85 2.3153704709097096 0.94500000000000006
decision_type=2 2 2 2 2 2
left_child=1 -1 -3 4 5 -4
right_child=-2 2 3 -5 -6 -7
leaf_value=-0.018153225148703916 0.041617324641905477 0.0098133296323389078 0.0093120757891392639 0.013664269994416474 0.0025544677624152272 -0.00018223463118600082
leaf_weight=8206 255 290 101 104 99 1461
leaf_count=5358 43 50 33 24 15 537
internal_value=-5.87593e-05 -0.000166882 0.00017757 -7.24933e-05 -0.000164839 -0.000214141
internal_weight=10516 10261 2055 1765 1661 1562
internal_count=6060 6017 659 609 585 570
is_linear=0
shrinkage=0.00866619


Tree=29
num_leaves=7
num_cat=0
split_feature=43 43 17 4 3 41
split_gain=61.439 5.35072 15.4475 2.30442 0.156268 0.073204
threshold=35.068958333333342 29.764166666666672 30.738579959986467 1009.85 0.68650000000000022 28.58666666666667
decision_type=2 2 2 2 2 2
left_child=1 -1 -3 4 5 -4
right_child=-2 2 3 -5 -6 -7
leaf_value=-0.017995905907942037 0.041256661131065173 0.004808575502455492 0.0092313756005466385 0.013545852877707026 -0.0026485280313931327 -0.0044631231356700033
leaf_weight=8206 255 345 164 104 1225 217
leaf_count=5358 43 57 24 24 505 49
internal_value=-4.80509e-05 -0.000155907 0.000232267 -9.17491e-05 -0.000188492 0
internal_weight=10516 10261 2055 1710 1606 381
internal_count=6060 6017 659 602 578 73
is_linear=0
shrinkage=0.00866619


Tree=30
num_leaves=7
num_cat=0
split_feature=43 43 17 4 34 58
split_gain=57.0457 4.25172 11.536 2.21345 0.499378 0.172631
threshold=35.068958333333342 29.764166666666672 30.162371942863306 1009.85 2.3153704709097096 0.94500000000000006
decision_type=2 2 2 2 2 2
left_child=1 -1 -3 4 5 -4
right_child=-2 2 3 -5 -6 -7
leaf_value=-0.017839950025112992 0.04089912319759368 0.0096866134705849809 0.0091513747748658038 0.01342846198585522 0.0024906582538216679 -0.00017056138755915131
leaf_weight=8206 255 290 101 104 99 1461
leaf_count=5358 43 50 33 24 15 537
internal_value=-6.28779e-05 -0.000166882 0.00017757 -7.24933e-05 -0.000164839 -0.000214141
internal_weight=10516 10261 2055 1765 1661 1562
internal_count=6060 6017 659 609 585 570
is_linear=0
shrinkage=0.00866619


Tree=31
num_leaves=7
num_cat=0
split_feature=43 43 17 4 31 59
split_gain=57.0457 4.25172 11.536 2.21345 0.49051 0.177955
threshold=35.068958333333342 29.764166666666672 30.162371942863306 1009.85 6.7475382804300024 0.97500000000000009
decision_type=2 2 2 2 2 2
left_child=1 -1 -3 4 5 -4
right_child=-2 2 3 -5 -6 -7
leaf_value=-0.017685345685102286 0.040544683754653602 0.0096026674684689204 0.0090720672512871418 0.013312088425404702 0.00246907374405668 -0.00016923573577563804
leaf_weight=8206 255 290 95 104 101 1465
leaf_count=5358 43 50 31 24 17 537
internal_value=-6.28779e-05 -0.000166882 0.00017757 -7.24933e-05 -0.000164839 -0.000214082
internal_weight=10516 10261 2055 1765 1661 1560
internal_count=6060 6017 659 609 585 568
is_linear=0
shrinkage=0.00866619


Tree=32
num_leaves=7
num_cat=0
split_feature=43 43 17 4 34 58
split_gain=57.0457 4.25172 11.536 2.21345 0.499378 0.172631
threshold=35.068958333333342 29.764166666666672 30.162371942863306 1009.85 2.3153704709097096 0.94500000000000006
decision_type=2 2 2 2 2 2
left_child=1 -1 -3 4 5 -4
right_child=-2 2 3 -5 -6 -7
leaf_value=-0.017532081175187324 0.040193315950147031 0.0095194489580910716 0.0089934470215250733 0.013196723379971497 0.0024476762896859729 -0.0001676166422030149
leaf_weight=8206 255 290 101 104 99 1461
leaf_count=5358 43 50 33 24 15 537
internal_value=-6.28779e-05 -0.000166882 0.00017757 -7.24933e-05 -0.000164839 -0.000214141
internal_weight=10516 10261 2055 1765 1661 1562
internal_count=6060 6017 659 609 585 570
is_linear=0
shrinkage=0.00866619


Tree=33
num_leaves=8
num_cat=0
split_feature=43 43 17 4 34 58 34
split_gain=56.9258 4.1489 11.536 2.21345 0.499378 0.172631 0.155275
threshold=35.068958333333342 29.764166666666672 30.162371942863306 1009.85 2.3153704709097096 0.94500000000000006 3.6991874718888584
decision_type=2 2 2 2 2 2 2
left_child=1 6 -3 4 5 -4 -1
right_child=-2 2 3 -5 -6 -7 -8
leaf_value=-0.017806331911742131 0.039844993164681444 0.0094369516348721746 0.0089155081293630055 0.013082358109576009 0.0024264642696526359 -0.00016616404506536027 2.4661875051500999e-05
leaf_weight=8053 255 290 101 104 99 1461 153
leaf_count=5313 43 50 33 24 15 537 45
internal_value=-5.87593e-05 -0.000162661 0.00017757 -7.24933e-05 -0.000164839 -0.000214141 -0.000251237
internal_weight=10516 10261 2055 1765 1661 1562 8206
internal_count=6060 6017 659 609 585 570 5358
is_linear=0
shrinkage=0.00866619


Tree=34
num_leaves=8
num_cat=0
split_feature=43 43 17 4 34 58 34
split_gain=56.9258 4.1489 11.536 2.21345 0.499378 0.172631 0.155275
threshold=35.068958333333342 29.764166666666672 30.162371942863306 1009.85 2.3153704709097096 0.94500000000000006 3.6991874718888584
decision_type=2 2 2 2 2 2 2
left_child=1 6 -3 4 5 -4 -1
right_child=-2 2 3 -5 -6 -7 -8
leaf_value=-0.017652018912582869 0.03949968900955296 0.0093551692488694684 0.0088382446702019741 0.012968983949980951 0.0024054360769479887 -0.00016472403640590942 2.4448150634642936e-05
leaf_weight=8053 255 290 101 104 99 1461 153
leaf_count=5313 43 50 33 24 15 537 45
internal_value=-5.87593e-05 -0.000162661 0.00017757 -7.24933e-05 -0.000164839 -0.000214141 -0.000251237
internal_weight=10516 10261 2055 1765 1661 1562 8206
internal_count=6060 6017 659 609 585 570 5358
is_linear=0
shrinkage=0.00866619


Tree=35
num_leaves=8
num_cat=0
split_feature=43 43 17 4 34 58 34
split_gain=56.9258 4.1489 11.536 2.21345 0.499378 0.172631 0.155275
threshold=35.068958333333342 29.764166666666672 30.162371942863306 1009.85 2.3153704709097096 0.94500000000000006 3.6991874718888584
decision_type=2 2 2 2 2 2 2
left_child=1 6 -3 4 5 -4 -1
right_child=-2 2 3 -5 -6 -7 -8
leaf_value=-0.017499043218705084 0.039157377324747035 0.0092740956043035356 0.0087616507906134056 0.012856592312035002 0.0023845901184900878 -0.00016329650713048469 2.4236278393535018e-05
leaf_weight=8053 255 290 101 104 99 1461 153
leaf_count=5313 43 50 33 24 15 537 45
internal_value=-5.87593e-05 -0.000162661 0.00017757 -7.24933e-05 -0.000164839 -0.000214141 -0.000251237
internal_weight=10516 10261 2055 1765 1661 1562 8206
internal_count=6060 6017 659 609 585 570 5358
is_linear=0
shrinkage=0.00866619


Tree=36
num_leaves=8
num_cat=0
split_feature=43 43 17 4 34 58 34
split_gain=56.9258 4.1489 11.536 2.21345 0.499378 0.172631 0.155275
threshold=35.068958333333342 29.764166666666672 30.162371942863306 1009.85 2.3153704709097096 0.94500000000000006 3.6991874718888584
decision_type=2 2 2 2 2 2 2
left_child=1 6 -3 4 5 -4 -1
right_child=-2 2 3 -5 -6 -7 -8
leaf_value=-0.017347393240771378 0.038818032176956771 0.0091937245590886507 0.0086857206878956424 0.01274517468102199 0.0023639248150029153 -0.00016188134909048425 2.4026242276849234e-05
leaf_weight=8053 255 290 101 104 99 1461 153
leaf_count=5313 43 50 33 24 15 537 45
internal_value=-5.87593e-05 -0.000162661 0.00017757 -7.24933e-05 -0.000164839 -0.000214141 -0.000251237
internal_weight=10516 10261 2055 1765 1661 1562 8206
internal_count=6060 6017 659 609 585 570 5358
is_linear=0
shrinkage=0.00866619


Tree=37
num_leaves=8
num_cat=0
split_feature=43 43 17 4 34 58 34
split_gain=56.9258 4.1489 11.536 2.21345 0.499378 0.172631 0.155275
threshold=35.068958333333342 29.764166666666672 30.162371942863306 1009.85 2.3153704709097096 0.94500000000000006 3.6991874718888584
decision_type=2 2 2 2 2 2 2
left_child=1 6 -3 4 5 -4 -1
right_child=-2 2 3 -5 -6 -7 -8
leaf_value=-0.017197057489879708 0.038481627857618196 0.0091140500243675673 0.0086104486096342837 0.012634722616015821 0.0023434386008967323 -0.00016047845507444601 2.3818026372359945e-05
leaf_weight=8053 255 290 101 104 99 1461 153
leaf_count=5313 43 50 33 24 15 537 45
internal_value=-5.87593e-05 -0.000162661 0.00017757 -7.24933e-05 -0.000164839 -0.000214141 -0.000251237
internal_weight=10516 10261 2055 1765 1661 1562 8206
internal_count=6060 6017 659 609 585 570 5358
is_linear=0
shrinkage=0.00866619


Tree=38
num_leaves=8
num_cat=0
split_feature=43 43 17 4 31 31 59
split_gain=56.8059 4.0473 11.536 2.21345 0.49051 0.181682 0.177955
threshold=35.068958333333342 29.764166666666672 30.162371942863306 1009.85 6.7475382804300024 10.092894705805747 0.97500000000000009
decision_type=2 2 2 2 2 2 2
left_child=1 5 -3 4 6 -1 -4
right_child=-2 2 3 -5 -6 -7 -8
leaf_value=-0.017040749696081988 0.038148138880962426 0.0090350659640502443 0.0085358288532664042 0.01252522774924112 0.0023231299241494828 8.9658395191094287e-05 -0.00015924018386766122
leaf_weight=8089 255 290 95 104 101 117 1465
leaf_count=5313 43 50 31 24 17 45 537
internal_value=-5.46407e-05 -0.00015844 0.00017757 -7.24933e-05 -0.000164839 -0.00024596 -0.000214082
internal_weight=10516 10261 2055 1765 1661 8206 1560
internal_count=6060 6017 659 609 585 5358 568
is_linear=0
shrinkage=0.00866619


Tree=39
num_leaves=8
num_cat=0
split_feature=43 43 17 59 34 34 43
split_gain=57.1177 3.1048 9.13812 2.71157 1.33175 0.305362 0.0467956
threshold=35.068958333333342 29.764166666666672 29.669454720753368 0.94500000000000006 2.3775015378964537 3.3744992985553743 28.167708333333341
decision_type=2 2 2 2 2 2 2
left_child=1 5 -3 -4 -5 -1 -7
right_child=-2 2 3 4 -6 6 -8
leaf_value=-0.017529371810331991 0.037817539982085153 0.0094676042618528702 0.012416681785439112 -0.00014654521988924626 0.0061019619301970265 -0.0055483920519393192 0.00017128993554806039
leaf_weight=7901 255 206 140 1606 103 153 152
leaf_count=5269 43 38 40 566 15 57 32
internal_value=-6.53491e-05 -0.000169414 0.000122874 -5.76144e-05 -0.000167504 -0.00024596 0
internal_weight=10516 10261 2055 1849 1709 8206 305
internal_count=6060 6017 659 621 581 5358 89
is_linear=0
shrinkage=0.00866619


Tree=40
num_leaves=8
num_cat=0
split_feature=43 43 17 59 34 34 43
split_gain=52.5854 3.1048 9.13812 2.71157 1.33175 0.305362 0.0467956
threshold=35.068958333333342 29.764166666666672 29.669454720753368 0.94500000000000006 2.3775015378964537 3.3744992985553743 28.167708333333341
decision_type=2 2 2 2 2 2 2
left_child=1 5 -3 -4 -5 -1 -7
right_child=-2 2 3 4 -6 6 -8
leaf_value=-0.017377458999156856 0.037489806115032359 0.0093855562344578713 0.012309076501239415 -0.00014527523163417012 0.0060490811880614921 -0.0055003086497939302 0.00016980550496394626
leaf_weight=7901 255 206 140 1606 103 153 152
leaf_count=5269 43 38 40 566 15 57 32
internal_value=-6.94677e-05 -0.000169414 0.000122874 -5.76144e-05 -0.000167504 -0.00024596 0
internal_weight=10516 10261 2055 1849 1709 8206 305
internal_count=6060 6017 659 621 581 5358 89
is_linear=0
shrinkage=0.00866619


Tree=41
num_leaves=8
num_cat=0
split_feature=43 43 17 4 31 34 43
split_gain=52.5854 3.1048 9.13812 2.14468 0.548902 0.305362 0.0467956
threshold=35.068958333333342 29.764166666666672 29.669454720753368 1009.1500000000002 6.7475382804300024 3.3744992985553743 28.167708333333341
decision_type=2 2 2 2 2 2 2
left_child=1 5 -3 4 -4 -1 -7
right_child=-2 2 3 -5 -6 6 -8
leaf_value=-0.01722686269278572 0.037164912450902983 0.0093042192505975608 -0.00013999805340913625 0.0076822950884678134 0.0021976940363094251 -0.005452641947395134 0.00016833393873261202
leaf_weight=7901 255 206 1499 250 100 153 152
leaf_count=5269 43 38 547 58 16 57 32
internal_value=-6.94677e-05 -0.000169414 0.000122874 -5.76144e-05 -0.00018818 -0.00024596 0
internal_weight=10516 10261 2055 1849 1599 8206 305
internal_count=6060 6017 659 621 563 5358 89
is_linear=0
shrinkage=0.00866619


Tree=42
num_leaves=8
num_cat=0
split_feature=43 43 17 59 34 34 43
split_gain=52.5854 3.1048 9.13812 2.71157 1.33175 0.305362 0.0467956
threshold=35.068958333333342 29.764166666666672 29.669454720753368 0.94500000000000006 2.3775015378964537 3.3744992985553743 28.167708333333341
decision_type=2 2 2 2 2 2 2
left_child=1 5 -3 -4 -5 -1 -7
right_child=-2 2 3 4 -6 6 -8
leaf_value=-0.017077571482141955 0.036842834375967831 0.00922358714823583 0.012135827539993219 -0.0001428030000475476 0.0059300825157736058 -0.0054053883335450567 0.00016687512536921602
leaf_weight=7901 255 206 140 1606 103 153 152
leaf_count=5269 43 38 40 566 15 57 32
internal_value=-6.94677e-05 -0.000169414 0.000122874 -5.76144e-05 -0.000167504 -0.00024596 0
internal_weight=10516 10261 2055 1849 1709 8206 305
internal_count=6060 6017 659 621 581 5358 89
is_linear=0
shrinkage=0.00866619


Tree=43
num_leaves=8
num_cat=0
split_feature=43 43 17 59 34 34 43
split_gain=52.5854 3.1048 9.13812 2.71157 1.33175 0.305362 0.0467956
threshold=35.068958333333342 29.764166666666672 29.669454720753368 0.94500000000000006 2.3775015378964537 3.3744992985553743 28.167708333333341
decision_type=2 2 2 2 2 2 2
left_child=1 5 -3 -4 -5 -1 -7
right_child=-2 2 3 4 -6 6 -8
leaf_value=-0.016929574057022195 0.036523547489804929 0.0091436538187378985 0.012030656191157424 -0.00014156544256882744 0.0058786913127562316 -0.0053585442283411435 0.00016542895435499761
leaf_weight=7901 255 206 140 1606 103 153 152
leaf_count=5269 43 38 40 566 15 57 32
internal_value=-6.94677e-05 -0.000169414 0.000122874 -5.76144e-05 -0.000167504 -0.00024596 0
internal_weight=10516 10261 2055 1849 1709 8206 305
internal_count=6060 6017 659 621 581 5358 89
is_linear=0
shrinkage=0.00866619


Tree=44
num_leaves=9
num_cat=0
split_feature=43 9 43 43 61 0 58 34
split_gain=52.7008 3.13162 10.5746 2.16977 4.94624 0.282807 3.06361 0.197346
threshold=35.068958333333342 0.7469444191903023 31.102500000000003 31.193125000000006 0.88500000000000012 4.1050000000000013 3.3350000000000004 3.2394428084555877
decision_type=2 2 2 2 2 2 2 2
left_child=1 3 -3 5 -5 -1 -7 -8
right_child=-2 2 -4 4 -6 6 7 -9
leaf_value=-0.0099721770276101542 0.036207027603450855 0.012050426240805467 -0.00011257428413954831 0.0040047737228891874 -0.0025943114998165408 0.0010582688772817971 -0.012085677206305157 8.1586779368126731e-05
leaf_weight=8179 255 118 363 102 242 62 1134 61
leaf_count=4951 43 38 111 14 78 22 778 25
internal_value=-7.35864e-05 -0.000173635 0.000489278 -0.000209246 0.00043572 -0.000235854 -7.94267e-05 -0.000200117
internal_weight=10516 10261 481 9780 344 9436 1257 1195
internal_count=6060 6017 149 5868 92 5776 825 803
is_linear=0
shrinkage=0.00866619


Tree=45
num_leaves=9
num_cat=0
split_feature=43 43 17 44 60 31 34 43
split_gain=52.102 4.6925 11.0794 1.7924 6.96257 0.512036 0.305362 0.0467956
threshold=35.068958333333342 29.764166666666672 30.162371942863306 2.7061127030167902 1.2950000000000002 6.7475382804300024 3.3744992985553743 28.167708333333341
decision_type=2 2 2 2 2 2 2 2
left_child=1 6 -3 4 -4 -5 -1 -8
right_child=-2 2 3 5 -6 -7 7 -9
leaf_value=-0.016696438455985323 0.035893250737568314 0.0084491440936899052 0.011821965031658882 -0.0026277305533168481 -0.0017549184477505782 0.0020416052516140982 -0.0053128131291780159 0.00015482416031880629
leaf_weight=7901 255 290 87 1330 242 106 153 152
leaf_count=5269 43 50 11 482 98 18 57 32
internal_value=-5.21695e-05 -0.000151686 0.00021123 -3.33183e-05 0.000518922 -0.000180056 -0.00024596 0
internal_weight=10516 10261 2055 1765 329 1436 8206 305
internal_count=6060 6017 659 609 109 500 5358 89
is_linear=0
shrinkage=0.00866619


Tree=46
num_leaves=8
num_cat=0
split_feature=37 37 17 9 3 34 59
split_gain=45.2376 3.24845 16.0425 3.12771 1.6234 0.292976 0.183609
threshold=40.76147794817134 36.159900341021192 30.654121705411754 0.79091635943066529 0.36600000000000005 3.3744992985553743 0.83500000000000008
decision_type=2 2 2 2 2 2 2
left_child=1 3 -3 5 -4 -1 -6
right_child=-2 2 4 -5 6 -7 -8
leaf_value=-0.011732293687011203 0.035582193120629449 0.003896845744286706 0.011719513673960224 0.011872773134288578 0.0077646876541697671 -0.010185366060914245 -0.0026288656746445006
leaf_weight=8367 270 142 141 90 76 320 1110
leaf_count=5459 46 14 21 26 24 92 378
internal_value=-6.69966e-05 -0.000162518 0.000204544 -0.000227135 -7.59026e-05 -0.000246736 -0.000199664
internal_weight=10516 10246 1469 8777 1327 8687 1186
internal_count=6060 6014 437 5577 423 5551 402
is_linear=0
shrinkage=0.00866619


Tree=47
num_leaves=7
num_cat=0
split_feature=43 9 9 17 4 59
split_gain=48.3514 2.48906 7.66712 17.4978 4.60943 0.581174
threshold=35.068958333333342 0.23866392535577388 0.30490993010465889 30.654121705411754 1009.9500000000002 0.83500000000000008
decision_type=2 2 2 2 2 2
left_child=1 -1 3 -3 5 -4
right_child=-2 2 4 -5 -6 -7
leaf_value=-0.019940049126139621 0.035273831187114794 0.0038630749510069709 0.0076973974202581364 -1.0841751529971352e-05 0.011769881464079909 -0.0026145827135296506
leaf_weight=7492 255 107 100 189 138 2235
leaf_count=5028 43 15 32 81 42 819
internal_value=-7.7705e-05 -0.000173635 3.99424e-05 0.00135361 -0.00010858 -0.000210767
internal_weight=10516 10261 2769 296 2473 2335
internal_count=6060 6017 989 96 893 851
is_linear=0
shrinkage=0.00866619


Tree=48
num_leaves=10
num_cat=0
split_feature=43 9 33 43 61 0 58 34 52
split_gain=47.8875 5.34611 12.7942 2.3244 3.44993 0.281877 3.06361 0.197346 0.101041
threshold=35.068958333333342 0.7236172338812249 33.363007225420894 31.193125000000006 1.0650000000000002 4.1050000000000013 3.3350000000000004 3.2394428084555877 0.37450000000000006
decision_type=2 2 2 2 2 2 2 2 2
left_child=1 3 -3 5 -5 -1 -7 -8 -4
right_child=-2 2 8 4 -6 6 7 -9 -10
leaf_value=-0.0098619247228807164 0.034968141575728237 0.0098935249111580074 0.0054172993857232038 0.0038295968217313026 -0.0082285065918286226 0.00090862693762059027 -0.011834171003266286 0.0001343281539671255 -0.0029246134000041894
leaf_weight=8058 255 171 87 126 195 62 1134 61 367
leaf_count=4914 43 31 15 18 63 22 778 25 151
internal_value=-6.04068e-05 -0.000155907 0.000606939 -0.000208488 0.000484843 -0.000235541 -7.94267e-05 -0.000200117 -0.000103412
internal_weight=10516 10261 625 9636 321 9315 1257 1195 454
internal_count=6060 6017 197 5820 81 5739 825 803 166
is_linear=0
shrinkage=0.00866619


Tree=49
num_leaves=9
num_cat=0
split_feature=43 43 17 3 59 43 10 31
split_gain=47.9536 3.57376 11.8265 1.17278 0.539228 0.191201 1.19108 0.166707
threshold=35.068958333333342 29.764166666666672 30.162371942863306 0.16100000000000003 0.83500000000000008 29.357500000000005 -0.92260537345622995 6.3756127128503577
decision_type=2 2 2 2 2 2 2 2
left_child=1 5 -3 -4 -5 -1 -7 -6
right_child=-2 2 3 4 7 6 -8 -9
leaf_value=-0.02117420179595576 0.034665101127626836 0.0080852914350965088 0.0086059535391286857 0.011430211051779601 -0.00027550947489604996 0.00020039825038788272 -0.0077877272125955327 0.0019234753949562439
leaf_weight=7421 255 290 97 91 1469 97 688 108
leaf_count=5033 43 50 17 27 545 53 272 20
internal_value=-6.28779e-05 -0.00015844 0.000156533 -9.69776e-05 -0.000165237 -0.000240683 -5.93009e-05 -0.000214575
internal_weight=10516 10261 2055 1765 1668 8206 785 1577
internal_count=6060 6017 659 609 592 5358 325 565
is_linear=0
shrinkage=0.00866619


Tree=50
num_leaves=7
num_cat=0
split_feature=43 9 9 4 59 33
split_gain=48.2407 2.74209 9.68098 6.30918 0.57166 0.20331
threshold=35.068958333333342 0.23866392535577388 0.27194808396361153 1009.85 0.83500000000000008 26.841017716620239
decision_type=2 2 2 2 2 2
left_child=1 -1 -3 4 -4 -6
right_child=-2 2 3 -5 5 -7
leaf_value=-0.01972292022501269 0.034364686884666672 0.0037263401740022066 0.0074458948562511947 0.0096267034884177059 6.6981048950428429e-05 -0.002609532983482515
leaf_weight=7492 255 168 94 183 80 2244
leaf_count=5028 43 48 30 51 20 840
internal_value=-7.35864e-05 -0.000169414 5.55642e-05 -6.61302e-05 -0.000194568 -0.000229142
internal_weight=10516 10261 2769 2601 2418 2324
internal_count=6060 6017 989 941 890 860
is_linear=0
shrinkage=0.00866619


Tree=51
num_leaves=7
num_cat=0
split_feature=43 9 9 17 4 59
split_gain=48.3514 2.48906 7.66712 17.4978 4.60943 0.581174
threshold=35.068958333333342 0.23866392535577388 0.30490993010465889 30.654121705411754 1009.9500000000002 0.83500000000000008
decision_type=2 2 2 2 2 2
left_child=1 -1 3 -3 5 -4
right_child=-2 2 4 -5 -6 -7
leaf_value=-0.019551997713448493 0.034066876087663366 0.0036940470138506136 0.0073813673402873207 -0.0029700021112142108 0.011428646879796871 -0.0028678949937914863
leaf_weight=7492 255 107 100 189 138 2235
leaf_count=5028 43 15 32 81 42 819
internal_value=-7.7705e-05 -0.000173635 3.99424e-05 0.00135361 -0.00010858 -0.000210767
internal_weight=10516 10261 2769 296 2473 2335
internal_count=6060 6017 989 96 893 851
is_linear=0
shrinkage=0.00866619


Tree=52
num_leaves=8
num_cat=0
split_feature=43 43 4 17 37 59 18
split_gain=48.3514 2.40615 7.02588 2.81954 6.67271 0.184844 0.070925
threshold=35.068958333333342 29.357500000000005 1009.85 30.654121705411754 35.381480440071464 0.83500000000000008 29.029031623122361
decision_type=2 2 2 2 2 2 2
left_child=1 -1 3 4 6 -5 -3
right_child=-2 2 -4 5 -6 -7 -8
leaf_value=-0.020650338430441145 0.033771646174667783 3.438727707365276e-05 0.01132960409068706 0.0073173990318326923 0.0036620337122583381 -0.0018733894706074428 -0.0043168196789803324
leaf_weight=7421 255 122 147 97 192 1957 325
leaf_count=5033 43 26 39 37 24 785 73
internal_value=-7.7705e-05 -0.000173635 3.24567e-05 -5.98917e-05 0.000426538 -0.000225097 -0.000100985
internal_weight=10516 10261 2840 2693 639 2054 447
internal_count=6060 6017 984 945 123 822 99
is_linear=0
shrinkage=0.00866619


Tree=53
num_leaves=6
num_cat=0
split_feature=43 43 17 59 34
split_gain=48.4621 2.86129 9.34774 1.58463 1.33175
threshold=35.068958333333342 29.764166666666672 29.669454720753368 0.94500000000000006 2.3775015378964537
decision_type=2 2 2 2 2
left_child=1 -1 -3 -4 -5
right_child=-2 2 3 4 -6
leaf_value=-0.015289603374608381 0.033478974779256918 0.0082454065904942371 0.011050500641341022 -0.00014361410708445781 0.0050151171899465051
leaf_weight=8206 255 206 140 1606 103
leaf_count=5358 43 38 40 566 15
internal_value=-8.18236e-05 -0.000177856 0.000101837 -8.09892e-05 -0.000167504
internal_weight=10516 10261 2055 1849 1709
internal_count=6060 6017 659 621 581
is_linear=0
shrinkage=0.00866619


Tree=54
num_leaves=8
num_cat=0
split_feature=43 9 22 43 61 10 9
split_gain=48.064 4.43229 12.8389 2.13916 4.94624 0.40251 2.68758
threshold=35.068958333333342 0.7469444191903023 28.005000000000006 31.193125000000006 0.88500000000000012 -0.9523422988233432 0.25534383660447135
decision_type=2 2 2 2 2 2 2
left_child=1 3 -3 5 -5 6 -1
right_child=-2 2 -4 4 -6 -7 -8
leaf_value=-0.0050733536361958773 0.03318883972883941 0.011159963390864067 -0.0082067192502057705 0.0035588416098907253 -0.0024694678452578445 -0.010508024127674367 0.00066318539652954135
leaf_weight=1207 255 133 348 102 242 8038 191
leaf_count=767 43 21 128 14 78 4942 67
internal_value=-6.69966e-05 -0.000162661 0.000632007 -0.000204818 0.00043572 -0.000231264 -6.66858e-05
internal_weight=10516 10261 481 9780 344 9436 1398
internal_count=6060 6017 149 5868 92 5776 834
is_linear=0
shrinkage=0.00866619


Tree=55
num_leaves=9
num_cat=0
split_feature=43 9 33 43 61 10 9 52
split_gain=48.064 3.2615 7.50816 2.29327 3.44993 0.401185 2.68758 0.101041
threshold=35.068958333333342 0.7236172338812249 33.363007225420894 31.193125000000006 1.0650000000000002 -0.9523422988233432 0.25534383660447135 0.37450000000000006
decision_type=2 2 2 2 2 2 2 2
left_child=1 3 -3 5 -5 6 -1 -4
right_child=-2 2 7 4 -6 -7 -8 -9
leaf_value=-0.005029387005714217 0.032901219042975674 0.0092902781761220587 0.0048749409195927955 0.0035280000235900482 -0.0080684601859742373 -0.011736077428761395 0.00065743810797826705 -0.0029090508461868557
leaf_weight=1207 255 171 87 126 195 7917 191 367
leaf_count=767 43 31 15 18 63 4905 67 151
internal_value=-6.69966e-05 -0.000162661 0.000428039 -0.000203994 0.000484843 -0.000230891 -6.66858e-05 -0.000103412
internal_weight=10516 10261 625 9636 321 9315 1398 454
internal_count=6060 6017 197 5820 81 5739 834 166
is_linear=0
shrinkage=0.00866619


Tree=56
num_leaves=8
num_cat=0
split_feature=43 9 9 22 4 59 18
split_gain=48.3514 2.48906 7.66712 14.0631 4.60943 0.581174 0.00555159
threshold=35.068958333333342 0.23866392535577388 0.30490993010465889 26.885000000000002 1009.9500000000002 0.83500000000000008 30.741060040996874
decision_type=2 2 2 2 2 2 2
left_child=1 -1 3 -3 5 -4 -5
right_child=-2 2 4 6 -6 -7 -8
leaf_value=-0.019127419129285832 0.032616090931712659 0.0034974257162384294 0.0069809937673319736 0.0017058860315210577 0.010982737776662605 -0.0019581189476924948 -4.3179823835870035e-05
leaf_weight=7492 255 102 100 60 138 2235 134
leaf_count=5028 43 14 32 12 42 819 70
internal_value=-7.7705e-05 -0.000173635 3.99424e-05 0.00135361 -0.00010858 -0.000210767 0
internal_weight=10516 10261 2769 296 2473 2335 194
internal_count=6060 6017 989 96 893 851 82
is_linear=0
shrinkage=0.00866619


Tree=57
num_leaves=9
num_cat=0
split_feature=43 9 33 43 61 10 9 52
split_gain=48.064 3.2615 7.50816 2.29327 3.44993 0.401185 2.68758 0.101041
threshold=35.068958333333342 0.7236172338812249 33.363007225420894 31.193125000000006 1.0650000000000002 -0.9523422988233432 0.25534383660447135 0.37450000000000006
decision_type=2 2 2 2 2 2 2 2
left_child=1 3 -3 5 -5 6 -1 -4
right_child=-2 2 7 4 -6 -7 -8 -9
leaf_value=-0.0048200396104574866 0.032333433793933247 0.0091145884322048794 0.0047375153132718463 0.0034671163715466204 -0.0079815679779050835 -0.011617400964433941 0.00062143128181151833 -0.0028668710434047325
leaf_weight=1207 255 171 87 126 195 7917 191 367
leaf_count=767 43 31 15 18 63 4905 67 151
internal_value=-6.69966e-05 -0.000162661 0.000428039 -0.000203994 0.000484843 -0.000230891 -6.66858e-05 -0.000103412
internal_weight=10516 10261 625 9636 321 9315 1398 454
internal_count=6060 6017 197 5820 81 5739 834 166
is_linear=0
shrinkage=0.00866619


Tree=58
num_leaves=8
num_cat=0
split_feature=43 43 4 17 38 59 35
split_gain=48.3514 2.40615 7.02588 2.81954 6.35651 0.184844 0.0490022
threshold=35.068958333333342 29.357500000000005 1009.85 30.654121705411754 4.4084559425158103 0.83500000000000008 28.78703321278466
decision_type=2 2 2 2 2 2 2
left_child=1 -1 3 4 -3 -5 -6
right_child=-2 2 -4 5 6 -7 -8
leaf_value=-0.019874380661925414 0.03205322621571955 0.0034370696932987227 0.010808570592890889 0.0068415064448033242 0.00011945227564397876 -0.0019087324034218777 -0.0092934739009645634
leaf_weight=7421 255 198 147 97 148 1957 293
leaf_count=5033 43 30 39 37 32 785 61
internal_value=-7.7705e-05 -0.000173635 3.24567e-05 -5.98917e-05 0.000426538 -0.000225097 -9.8845e-05
internal_weight=10516 10261 2840 2693 639 2054 441
internal_count=6060 6017 984 945 123 822 93
is_linear=0
shrinkage=0.00866619


Tree=59
num_leaves=6
num_cat=0
split_feature=43 43 17 59 34
split_gain=48.573 2.54825 9.56005 1.68556 0.542479
threshold=35.068958333333342 29.764166666666672 29.669454720753368 0.94500000000000006 2.3775015378964537
decision_type=2 2 2 2 2
left_child=1 -1 -3 -4 -5
right_child=-2 2 3 4 -6
leaf_value=-0.014829977325462243 0.031775446968730643 0.0077288884663362801 0.010509673048054061 -0.00022603566072217047 0.0046027900282856679
leaf_weight=8206 255 206 140 1606 103
leaf_count=5358 43 38 40 566 15
internal_value=-8.59422e-05 -0.000182077 8.07997e-05 -0.000104364 -0.000192789
internal_weight=10516 10261 2055 1849 1709
internal_count=6060 6017 659 621 581
is_linear=0
shrinkage=0.00866619


Tree=60
num_leaves=7
num_cat=0
split_feature=43 9 9 17 4 59
split_gain=48.3514 2.48906 7.66712 17.4978 4.60943 0.581174
threshold=35.068958333333342 0.23866392535577388 0.30490993010465889 30.654121705411754 1009.9500000000002 0.83500000000000008
decision_type=2 2 2 2 2 2
left_child=1 -1 3 -3 5 -4
right_child=-2 2 4 -5 -6 -7
leaf_value=-0.018283942470427243 0.03150007500859453 0.0033403034137167889 0.0066911378815436738 -0.0029147388386514873 0.010647921509272741 -0.0017229721566618219
leaf_weight=7492 255 107 100 189 138 2235
leaf_count=5028 43 15 32 81 42 819
internal_value=-7.7705e-05 -0.000173635 3.99424e-05 0.00135361 -0.00010858 -0.000210767
internal_weight=10516 10261 2769 296 2473 2335
internal_count=6060 6017 989 96 893 851
is_linear=0
shrinkage=0.00866619


Tree=61
num_leaves=7
num_cat=0
split_feature=43 9 9 17 4 59
split_gain=48.3514 2.48906 7.66712 17.4978 4.60943 0.581174
threshold=35.068958333333342 0.23866392535577388 0.30490993010465889 30.654121705411754 1009.9500000000002 0.83500000000000008
decision_type=2 2 2 2 2 2
left_child=1 -1 3 -3 5 -4
right_child=-2 2 4 -5 -6 -7
leaf_value=-0.018125490408932979 0.031227089473313555 0.0033113557202543091 0.0066331512305361964 -0.002889479167306027 0.010555644632089238 -0.0017080405580439549
leaf_weight=7492 255 107 100 189 138 2235
leaf_count=5028 43 15 32 81 42 819
internal_value=-7.7705e-05 -0.000173635 3.99424e-05 0.00135361 -0.00010858 -0.000210767
internal_weight=10516 10261 2769 296 2473 2335
internal_count=6060 6017 989 96 893 851
is_linear=0
shrinkage=0.00866619


Tree=62
num_leaves=7
num_cat=0
split_feature=43 43 17 59 34 34
split_gain=48.4621 2.46906 9.56005 1.68556 0.542479 0.14932
threshold=35.068958333333342 29.764166666666672 29.669454720753368 0.94500000000000006 2.3775015378964537 3.6991874718888584
decision_type=2 2 2 2 2 2
left_child=1 5 -3 -4 -5 -1
right_child=-2 2 3 4 -6 -7
leaf_value=-0.014439052084349799 0.030956469681684067 0.0074781544091658712 0.010234840192155909 -0.00032920513444048989 0.0043791473242380669 4.7605729713810375e-05
leaf_weight=8053 255 206 140 1606 103 153
leaf_count=5313 43 38 40 566 15 45
internal_value=-8.18236e-05 -0.000177856 8.07997e-05 -0.000104364 -0.000192789 -0.00024596
internal_weight=10516 10261 2055 1849 1709 8206
internal_count=6060 6017 659 621 581 5358
is_linear=0
shrinkage=0.00866619


Tree=63
num_leaves=7
num_cat=0
split_feature=43 9 9 17 4 59
split_gain=48.2407 2.39471 7.66712 17.4978 4.60943 0.581174
threshold=35.068958333333342 0.23866392535577388 0.30490993010465889 30.654121705411754 1009.9500000000002 0.83500000000000008
decision_type=2 2 2 2 2 2
left_child=1 -1 3 -3 5 -4
right_child=-2 2 4 -5 -6 -7
leaf_value=-0.017843279999551934 0.030688195131729563 0.003217851809635183 0.0064869700653681006 -5.0057694697302205e-05 0.010399360360287234 -0.0016903854062479654
leaf_weight=7492 255 107 100 189 138 2235
leaf_count=5028 43 15 32 81 42 819
internal_value=-7.35864e-05 -0.000169414 3.99424e-05 0.00135361 -0.00010858 -0.000210767
internal_weight=10516 10261 2769 296 2473 2335
internal_count=6060 6017 989 96 893 851
is_linear=0
shrinkage=0.00866619


Tree=64
num_leaves=10
num_cat=0
split_feature=43 9 33 43 61 10 34 10 52
split_gain=47.9536 3.21396 7.50816 2.26232 3.44993 0.605803 2.59513 0.181092 0.101041
threshold=35.068958333333342 0.7236172338812249 33.363007225420894 31.193125000000006 1.0650000000000002 -0.9523422988233432 2.3153704709097096 -0.9574497222574998 0.37450000000000006
decision_type=2 2 2 2 2 2 2 2 2
left_child=1 3 -3 5 -5 6 7 -1 -4
right_child=-2 2 8 4 -6 -7 -8 -9 -10
leaf_value=-0.0042046313129242884 0.030422245499147516 0.0085375143341303306 0.0042510740155296441 0.0031899653046516541 -0.0078466619735339353 -0.0111816092358907 0.00036894145357231617 0.00028653693140581217 -0.0029305156225859154
leaf_weight=1133 255 171 87 126 195 7917 185 80 367
leaf_count=737 43 31 15 18 63 4905 53 44 151
internal_value=-6.28779e-05 -0.00015844 0.000428039 -0.000199499 0.000484843 -0.000226242 -3.57957e-05 -0.000201002 -0.000103412
internal_weight=10516 10261 625 9636 321 9315 1398 1213 454
internal_count=6060 6017 197 5820 81 5739 834 781 166
is_linear=0
shrinkage=0.00866619


Tree=65
num_leaves=9
num_cat=0
split_feature=43 9 9 22 4 59 10 18
split_gain=48.2407 2.39471 7.66712 14.0631 4.60943 0.581174 0.144711 0.00555159
threshold=35.068958333333342 0.23866392535577388 0.30490993010465889 26.885000000000002 1009.9500000000002 0.83500000000000008 -0.9993703818063705 30.741060040996874
decision_type=2 2 2 2 2 2 2 2
left_child=1 6 3 -3 5 -4 -1 -5
right_child=-2 2 4 7 -6 -7 -8 -9
leaf_value=0.00020276066717551895 0.030158600635769639 0.0031623204693304722 0.0063567650764911427 0.0014402545297576331 0.0102352498661505 -0.0019453517884802816 -0.018225557495298868 -6.1951843177661837e-05
leaf_weight=164 255 102 100 60 138 2235 7328 134
leaf_count=96 43 14 32 12 42 819 4932 70
internal_value=-7.35864e-05 -0.000169414 3.99424e-05 0.00135361 -0.00010858 -0.000210767 -0.000250404 0
internal_weight=10516 10261 2769 296 2473 2335 7492 194
internal_count=6060 6017 989 96 893 851 5028 82
is_linear=0
shrinkage=0.00866619


Tree=66
num_leaves=8
num_cat=0
split_feature=43 43 17 59 34 31 10
split_gain=48.3514 2.39108 9.56005 1.68556 0.542479 0.175782 0.143741
threshold=35.068958333333342 29.764166666666672 29.669454720753368 0.94500000000000006 2.3775015378964537 10.092894705805747 -0.9993703818063705
decision_type=2 2 2 2 2 2 2
left_child=1 5 -3 -4 -5 6 -1
right_child=-2 2 3 4 -6 -7 -8
leaf_value=0.00020100350535134419 0.029897240568035343 0.0071605362441291408 0.009893332073083641 -0.00032852226758615927 0.0041255328262463095 4.7013962905576588e-05 -0.015074126980877466
leaf_weight=159 255 206 140 1606 103 117 7930
leaf_count=91 43 38 40 566 15 45 5222
internal_value=-7.7705e-05 -0.000173635 8.07997e-05 -0.000104364 -0.000192789 -0.000240683 -0.000245757
internal_weight=10516 10261 2055 1849 1709 8206 8089
internal_count=6060 6017 659 621 581 5358 5313
is_linear=0
shrinkage=0.00866619


Tree=67
num_leaves=8
num_cat=0
split_feature=43 9 9 17 4 59 10
split_gain=48.2407 2.39471 7.66712 17.4978 4.60943 0.581174 0.144711
threshold=35.068958333333342 0.23866392535577388 0.30490993010465889 30.654121705411754 1009.9500000000002 0.83500000000000008 -0.9993703818063705
decision_type=2 2 2 2 2 2 2
left_child=1 6 3 -3 5 -4 -1
right_child=-2 2 4 -5 -6 -7 -8
leaf_value=0.00019926157141984802 0.029638145495478788 0.0030728606644003795 0.0062159386985370015 -7.3884799086390603e-05 0.010084494733610278 -0.001925645971075491 -0.017936976208145217
leaf_weight=164 255 107 100 189 138 2235 7328
leaf_count=96 43 15 32 81 42 819 4932
internal_value=-7.35864e-05 -0.000169414 3.99424e-05 0.00135361 -0.00010858 -0.000210767 -0.000250404
internal_weight=10516 10261 2769 296 2473 2335 7492
internal_count=6060 6017 989 96 893 851 5028
is_linear=0
shrinkage=0.00866619


Tree=68
num_leaves=7
num_cat=0
split_feature=43 9 9 17 4 59
split_gain=48.2407 2.39471 7.66712 17.4978 4.60943 0.581174
threshold=35.068958333333342 0.23866392535577388 0.30490993010465889 30.654121705411754 1009.9500000000002 0.83500000000000008
decision_type=2 2 2 2 2 2
left_child=1 -1 3 -3 5 -4
right_child=-2 2 4 -5 -6 -7
leaf_value=-0.017147718412433458 0.029381295789228552 0.0030462306797705927 0.0061620702124324019 -7.3244499613385757e-05 0.0099971006181314419 -0.0019089579633157375
leaf_weight=7492 255 107 100 189 138 2235
leaf_count=5028 43 15 32 81 42 819
internal_value=-7.35864e-05 -0.000169414 3.99424e-05 0.00135361 -0.00010858 -0.000210767
internal_weight=10516 10261 2769 296 2473 2335
internal_count=6060 6017 989 96 893 851
is_linear=0
shrinkage=0.00866619


Tree=69
num_leaves=7
num_cat=0
split_feature=43 43 17 59 34 34
split_gain=48.3514 2.39108 9.56005 1.68556 0.542479 0.14348
threshold=35.068958333333342 29.764166666666672 29.669454720753368 0.94500000000000006 2.3775015378964537 3.6991874718888584
decision_type=2 2 2 2 2 2
left_child=1 5 -3 -4 -5 -1
right_child=-2 2 3 4 -6 -7
leaf_value=-0.013328517622818895 0.029126671990520676 0.0069244508419875807 0.0096335637517116594 -0.00043961735862024489 0.0039157493307632246 6.6310100926498421e-05
leaf_weight=8053 255 206 140 1606 103 153
leaf_count=5313 43 38 40 566 15 45
internal_value=-7.7705e-05 -0.000173635 8.07997e-05 -0.000104364 -0.000192789 -0.000240683
internal_weight=10516 10261 2055 1849 1709 8206
internal_count=6060 6017 659 621 581 5358
is_linear=0
shrinkage=0.00866619


Tree=70
num_leaves=8
num_cat=0
split_feature=43 9 9 17 4 59 10
split_gain=48.2407 2.39471 7.66712 17.4978 4.60943 0.581174 0.144711
threshold=35.068958333333342 0.23866392535577388 0.30490993010465889 30.654121705411754 1009.9500000000002 0.83500000000000008 -0.9993703818063705
decision_type=2 2 2 2 2 2 2
left_child=1 6 3 -3 5 -4 -1
right_child=-2 2 4 -5 -6 -7 -8
leaf_value=0.00046164748886424811 0.028874254809224578 0.0029598228908497585 0.0060251822973519369 -6.8799942930367877e-05 0.0098504552916722585 -0.0018886047707842185 -0.017517418265653673
leaf_weight=164 255 107 100 189 138 2235 7328
leaf_count=96 43 15 32 81 42 819 4932
internal_value=-7.35864e-05 -0.000169414 3.99424e-05 0.00135361 -0.00010858 -0.000210767 -0.000250404
internal_weight=10516 10261 2769 296 2473 2335 7492
internal_count=6060 6017 989 96 893 851 5028
is_linear=0
shrinkage=0.00866619


Tree=71
num_leaves=10
num_cat=0
split_feature=43 43 17 57 44 10 44 17 31
split_gain=47.8434 3.47947 11.0836 2.22594 5.52642 0.299954 2.28326 0.209364 0.165789
threshold=35.068958333333342 29.764166666666672 29.669454720753368 1008.35 2.9269905120299939 -0.9523422988233432 3.48788631046216 25.042734617051316 6.917444968270801
decision_type=2 2 2 2 2 2 2 2 2
left_child=1 5 -3 8 -5 6 7 -1 -4
right_child=-2 2 3 4 -6 -7 -8 -9 -10
leaf_value=0.00045764676547473988 0.028624025122381453 0.0067790763713256987 -0.00036213886255336773 0.0094647116024221319 -0.0058804470145537146 -0.014779239676437196 0.00042411154649757866 -0.013977923599989435 0.0012794061943629184
leaf_weight=41 255 206 1359 134 250 7238 51 876 106
leaf_count=13 43 38 487 38 78 4706 27 612 18
internal_value=-5.87593e-05 -0.000154219 0.000156533 -4.35895e-05 0.000520186 -0.000235405 -5.25101e-05 -0.00018206 -0.000211115
internal_weight=10516 10261 2055 1849 384 8206 968 917 1465
internal_count=6060 6017 659 621 116 5358 652 625 505
is_linear=0
shrinkage=0.00866619


Tree=72
num_leaves=8
num_cat=0
split_feature=43 9 9 17 4 59 10
split_gain=48.2407 2.39471 7.66712 17.4978 4.60943 0.581174 0.144711
threshold=35.068958333333342 0.23866392535577388 0.30490993010465889 30.654121705411754 1009.9500000000002 0.83500000000000008 -0.9993703818063705
decision_type=2 2 2 2 2 2 2
left_child=1 6 3 -3 5 -4 -1
right_child=-2 2 4 -5 -6 -7 -8
leaf_value=0.00045368071310156535 0.028375963972755686 0.0028754237702950654 0.0058909439827917239 -6.506534672839212e-05 0.0097063406633338973 -0.0018690994059442966 -0.01723752939384296
leaf_weight=164 255 107 100 189 138 2235 7328
leaf_count=96 43 15 32 81 42 819 4932
internal_value=-7.35864e-05 -0.000169414 3.99424e-05 0.00135361 -0.00010858 -0.000210767 -0.000250404
internal_weight=10516 10261 2769 296 2473 2335 7492
internal_count=6060 6017 989 96 893 851 5028
is_linear=0
shrinkage=0.00866619


end of trees

feature_importances:
temp_c_roll24h_mean=145
heat_index_c_lag3h=62
heat_index_c_roll3h_std=53
doy_sin=51
cloud_cover=34
wind_ms_lag3h=33
pressure_hpa=31
temp_c_lag3h=15
wind_ms_lag1h=14
doy_cos=12
heat_index_c_roll3h_mean=9
hi_change_3h=8
precip_mm_lag3h=7
heat_index_c_roll24h_mean=4
cloud_cover_lag1h=4
hour_cos=3
heat_index_c_lag6h=3
rh_lag24h=3
temp_c_roll6h_mean=3
temp_c_roll24h_std=3
wind_ms=2
local_hour_sin=2
heat_index_c_roll24h_std=2
temp_c_roll3h_std=2
hi_residual_lag1h=2
heat_index_c_roll6h_mean=1
pressure_hpa_lag6h=1
precip_mm_lag1h=1

parameters:
[boosting: gbdt]
[objective: quantile]
[metric: quantile]
[tree_learner: serial]
[device_type: cpu]
[data_sample_strategy: bagging]
[data: ]
[valid: ]
[num_iterations: 2000]
[learning_rate: 0.00866619]
[num_leaves: 187]
[num_threads: -1]
[seed: 42]
[deterministic: 0]
[force_col_wise: 0]
[force_row_wise: 0]
[histogram_pool_size: -1]
[max_depth: -1]
[min_data_in_leaf: 36]
[min_sum_hessian_in_leaf: 0.001]
[bagging_fraction: 0.974843]
[pos_bagging_fraction: 1]
[neg_bagging_fraction: 1]
[bagging_freq: 0]
[bagging_seed: 400]
[bagging_by_query: 0]
[feature_fraction: 0.948315]
[feature_fraction_bynode: 1]
[feature_fraction_seed: 30056]
[extra_trees: 0]
[extra_seed: 12879]
[early_stopping_round: 0]
[early_stopping_min_delta: 0]
[first_metric_only: 0]
[max_delta_step: 0]
[lambda_l1: 3.14594]
[lambda_l2: 4.74095]
[linear_lambda: 0]
[min_gain_to_split: 0]
[drop_rate: 0.1]
[max_drop: 50]
[skip_drop: 0.5]
[xgboost_dart_mode: 0]
[uniform_drop: 0]
[drop_seed: 17869]
[top_rate: 0.2]
[other_rate: 0.1]
[min_data_per_group: 100]
[max_cat_threshold: 32]
[cat_l2: 10]
[cat_smooth: 10]
[max_cat_to_onehot: 4]
[top_k: 20]
[monotone_constraints: ]
[monotone_constraints_method: basic]
[monotone_penalty: 0]
[feature_contri: ]
[forcedsplits_filename: ]
[refit_decay_rate: 0.9]
[cegb_tradeoff: 1]
[cegb_penalty_split: 0]
[cegb_penalty_feature_lazy: ]
[cegb_penalty_feature_coupled: ]
[path_smooth: 0]
[interaction_constraints: ]
[verbosity: -1]
[saved_feature_importance_type: 0]
[use_quantized_grad: 0]
[num_grad_quant_bins: 4]
[quant_train_renew_leaf: 0]
[stochastic_rounding: 1]
[linear_tree: 0]
[max_bin: 255]
[max_bin_by_feature: ]
[min_data_in_bin: 3]
[bin_construct_sample_cnt: 200000]
[data_random_seed: 175]
[is_enable_sparse: 1]
[enable_bundle: 1]
[use_missing: 1]
[zero_as_missing: 0]
[feature_pre_filter: 1]
[pre_partition: 0]
[two_round: 0]
[header: 0]
[label_column: ]
[weight_column: ]
[group_column: ]
[ignore_column: ]
[categorical_feature: ]
[forcedbins_filename: ]
[precise_float_parser: 0]
[parser_config_file: ]
[objective_seed: 16083]
[num_class: 1]
[is_unbalance: 0]
[scale_pos_weight: 1]
[sigmoid: 1]
[boost_from_average: 1]
[reg_sqrt: 0]
[alpha: 0.97]
[fair_c: 1]
[poisson_max_delta_step: 0.7]
[tweedie_variance_power: 1.5]
[lambdarank_truncation_level: 30]
[lambdarank_norm: 1]
[label_gain: ]
[lambdarank_position_bias_regularization: 0]
[eval_at: ]
[multi_error_top_k: 1]
[auc_mu_weights: ]
[num_machines: 1]
[local_listen_port: 12400]
[time_out: 120]
[machine_list_filename: ]
[machines: ]
[gpu_platform_id: -1]
[gpu_device_id: -1]
[gpu_use_dp: 0]
[num_gpu: 1]

end of parameters

pandas_categorical:[]
