tree
version=v4
num_class=1
num_tree_per_iteration=1
label_index=0
max_feature_idx=63
objective=quantile
feature_names=wind_ms precip_mm solar_wm2 cloud_cover pressure_hpa hour_sin hour_cos local_hour_sin local_hour_cos doy_sin doy_cos month station_enc lat lon elevation_m heat_index_c_lag1h heat_index_c_lag3h heat_index_c_lag6h heat_index_c_lag12h heat_index_c_lag24h temp_c_lag1h temp_c_lag3h temp_c_lag6h temp_c_lag12h temp_c_lag24h rh_lag1h rh_lag3h rh_lag6h rh_lag12h rh_lag24h hi_change_3h temp_change_3h heat_index_c_roll3h_mean heat_index_c_roll3h_std heat_index_c_roll6h_mean heat_index_c_roll6h_std heat_index_c_roll24h_mean heat_index_c_roll24h_std temp_c_roll3h_mean temp_c_roll3h_std temp_c_roll6h_mean temp_c_roll6h_std temp_c_roll24h_mean temp_c_roll24h_std temp_x_rh temp_x_evening solar_wm2_lag1h solar_wm2_lag3h solar_wm2_lag6h solar_wm2_roll6h_mean temp_x_solar cloud_cover_lag1h cloud_cover_lag3h cloud_cover_lag6h pressure_hpa_lag1h pressure_hpa_lag3h pressure_hpa_lag6h wind_ms_lag1h wind_ms_lag3h precip_mm_lag1h precip_mm_lag3h _hi_clim hi_residual_lag1h
feature_infos=[0.059999999999999998:8.0399999999999991] [0:123.68000000000001] [0:967.39999999999998] [0:1] [999.70000000000005:1020.1] [-1:1] [-1:1] [-1:1] [-1:1] [-0.99999073973619013:0.82635419872390958] [-0.99996295911626554:1] [1:12] none none none none [15.543062617385331:46.705090229168285] [15.543062617385331:46.705090229168285] [15.543062617385331:46.705090229168285] [15.543062617385331:46.705090229168285] [15.543062617385331:47.117941747531241] [14.83:42.740000000000002] [14.83:42.740000000000002] [14.83:42.740000000000002] [14.83:42.740000000000002] [15.25:42.789999999999999] [26.199999999999999:98.299999999999997] [26.199999999999999:98.299999999999997] [26.199999999999999:98.299999999999997] [26.199999999999999:98.299999999999997] [26.199999999999999:98.299999999999997] [-8.0370101143076411:13.211166289457765] [-8.0100000000000016:11.800000000000001] [15.847133169309267:46.520925982866366] [0.0081557551711664532:4.9032769199001098] [16.59031288783498:45.927445778806828] [0.10493055143379597:6.8091820899401689] [22.575260778152696:41.479553319998374] [0.88478854658695105:6.7367631627095896] [15.219999999999994:42.563333333333333] [0.0057735026954761461:4.388769759283381] [15.766666666666666:41.948333333333331] [0.053166405427821119:6.4665384867022011] [20.677916666666665:35.690416666666664] [0.95711286493927128:6.429854281938189] [918.31299999999999:2708.0299999999997] [0:42.299999999999997] [0:967.39999999999998] [0:967.39999999999998] [0:967.39999999999998] [0:844.45000000000016] [0:37913.484000000004] [0:1] [0:1] [0:1] [999.70000000000005:1020.1] [999.70000000000005:1020.1] [999.70000000000005:1020.1] [0.059999999999999998:8.0399999999999991] [0.059999999999999998:8.0399999999999991] [0:123.68000000000001] [0:123.68000000000001] [19.631991987469316:42.002550586120272] [-9.3100573808761524:7.4108390635408306]
tree_sizes=957 949 951 951 940 936 940 1034 1033 1120 1041 1033 1218 1120 1035 1036 1031 1034 1212 1120 1029 1300 1216 1214 1131 1045 1214 1132 1304 1223

Tree=0
num_leaves=10
num_cat=0
split_feature=9 6 32 43 22 36 53 34 18
split_gain=118.559 68.9545 28.0084 15.9365 25.8466 5.14471 0.27171 0.222534 0.21241
threshold=0.69943241849707793 0.78656609248549303 5.1700000000000008 30.010625000000005 27.305000000000003 0.36759520579796762 0.17350000000000002 3.3744992985553743 29.67600722509022
decision_type=2 2 2 2 2 2 2 2 2
left_child=3 2 5 7 -5 -2 -7 -1 -6
right_child=1 -3 -4 4 8 6 -8 -9 -10
leaf_value=35.911377176531296 35.955207267047662 35.984852263875823 35.977219389537858 35.940824718629912 35.932675161446291 35.934408405424684 35.924522879992608 35.917760652817648 35.929295353870806
leaf_weight=8016 33 460 100 425 82 44 439 310 607
leaf_count=5316 5 60 16 69 22 8 199 90 275
internal_value=35.932 35.9347 35.9328 35.9317 35.9327 35.932 35.9317 35.9316 35.9317
internal_weight=10516 1076 616 9440 1114 516 483 8326 689
internal_count=6060 288 228 5772 366 212 207 5406 297
is_linear=0
shrinkage=1


Tree=1
num_leaves=9
num_cat=0
split_feature=9 6 3 43 22 53 34 18
split_gain=115.439 66.0639 36.8809 15.9365 25.8466 0.252418 0.222534 0.21241
threshold=0.69943241849707793 0.78656609248549303 0.31350000000000006 30.010625000000005 27.305000000000003 0.17350000000000002 3.3744992985553743 29.67600722509022
decision_type=2 2 2 2 2 2 2 2
left_child=3 2 -2 6 -5 -4 -1 -6
right_child=1 -3 5 4 7 -7 -8 -9
leaf_value=-0.020443315646712722 0.044828296440426629 0.05239502286330526 0.002388320314089188 0.0087490285503016001 0.00067009695183847947 -0.0073326723407101191 -0.01411515975850363 -0.0026804205797387485
leaf_weight=8016 132 460 52 425 82 432 310 607
leaf_count=5316 24 60 8 69 22 196 90 275
internal_value=1.73426e-05 0.00270275 0.000782573 -0.000287065 0.000675128 -0.000284665 -0.000419388 -0.000328589
internal_weight=10516 1076 616 9440 1114 484 8326 689
internal_count=6060 288 228 5772 366 204 5406 297
is_linear=0
shrinkage=0.00866619


Tree=2
num_leaves=9
num_cat=0
split_feature=9 6 3 43 22 53 34 18
split_gain=115.439 66.0639 36.8809 15.9365 25.8466 0.252418 0.222534 0.21241
threshold=0.69943241849707793 0.78656609248549303 0.31350000000000006 30.010625000000005 27.305000000000003 0.17350000000000002 3.3744992985553743 29.67600722509022
decision_type=2 2 2 2 2 2 2 2
left_child=3 2 -2 6 -5 -4 -1 -6
right_child=1 -3 5 4 7 -7 -8 -9
leaf_value=-0.02026615005383035 0.044439806048064516 0.051940957806047558 0.0023676226840300104 0.0086732078342765771 0.00066428976645757892 -0.0072691260322196669 -0.013992835146857457 -0.0026571915542034827
leaf_weight=8016 132 460 52 425 82 432 310 607
leaf_count=5316 24 60 8 69 22 196 90 275
internal_value=1.73426e-05 0.00270275 0.000782573 -0.000287065 0.000675128 -0.000284665 -0.000419388 -0.000328589
internal_weight=10516 1076 616 9440 1114 484 8326 689
internal_count=6060 288 228 5772 366 204 5406 297
is_linear=0
shrinkage=0.00866619


Tree=3
num_leaves=9
num_cat=0
split_feature=9 6 3 43 22 53 34 18
split_gain=107.523 58.8353 36.8809 15.9365 25.8466 0.252418 0.222534 0.21241
threshold=0.69943241849707793 0.78656609248549303 0.31350000000000006 30.010625000000005 27.305000000000003 0.17350000000000002 3.3744992985553743 29.67600722509022
decision_type=2 2 2 2 2 2 2 2
left_child=3 2 -2 6 -5 -4 -1 -6
right_child=1 -3 5 4 7 -7 -8 -9
leaf_value=-0.020090519811076339 0.044054682386025466 0.051490827761410465 0.002347104423499963 0.0085980441947424643 0.00065853290723016846 -0.0072061304279111343 -0.013871570623150087 -0.0026341638357434082
leaf_weight=8016 132 460 52 425 82 432 310 607
leaf_count=5316 24 60 8 69 22 196 90 275
internal_value=6.63421e-06 0.00259851 0.000782573 -0.000287065 0.000675128 -0.000284665 -0.000419388 -0.000328589
internal_weight=10516 1076 616 9440 1114 484 8326 689
internal_count=6060 288 228 5772 366 204 5406 297
is_linear=0
shrinkage=0.00866619


Tree=4
num_leaves=9
num_cat=0
split_feature=9 6 3 43 22 53 34 18
split_gain=101.625 58.2318 32.4231 15.9365 25.8466 0.252418 0.222534 0.21241
threshold=0.69943241849707793 0.78656609248549303 0.31350000000000006 30.010625000000005 27.305000000000003 0.17350000000000002 3.3744992985553743 29.67600722509022
decision_type=2 2 2 2 2 2 2 2
left_child=3 2 -2 6 -5 -4 -1 -6
right_child=1 -3 5 4 7 -7 -8 -9
leaf_value=-0.01991641161281955 0.043672896277595512 0.05104459862783936 0.0023267639780491329 0.0085235319373516295 0.00065282593802036494 -0.0071436807552792145 -0.013751357000461381 -0.0026113356797938725
leaf_weight=8016 132 460 52 425 82 432 310 607
leaf_count=5316 24 60 8 69 22 196 90 275
internal_value=0 0.00251832 0.000712767 -0.000287065 0.000675128 -0.000284665 -0.000419388 -0.000328589
internal_weight=10516 1076 616 9440 1114 484 8326 689
internal_count=6060 288 228 5772 366 204 5406 297
is_linear=0
shrinkage=0.00866619


Tree=5
num_leaves=9
num_cat=0
split_feature=9 3 7 39 43 22 34 18
split_gain=101.625 48.4396 54.1185 17.19 15.9365 25.8466 0.222534 0.21241
threshold=0.69943241849707793 0.84050000000000014 0.37940952255126054 27.709999999999997 30.010625000000005 27.305000000000003 3.3744992985553743 29.67600722509022
decision_type=2 2 2 2 2 2 2 2
left_child=4 2 -2 -3 6 -6 -1 -7
right_child=1 3 -4 -5 5 7 -8 -9
leaf_value=-0.019743812268738045 -0.00027051478539884646 0.021303895178608277 0.051395531386253759 -0.01207427122852237 0.0084496654171047087 0.00064716842647200229 -0.013632185171486821 -0.0025887053569088425
leaf_weight=8016 215 82 392 387 425 82 310 607
leaf_count=5316 55 18 48 167 69 22 90 275
internal_value=0 0.00251832 0.00412957 0.00035496 -0.000287065 0.000675128 -0.000419388 -0.000328589
internal_weight=10516 1076 607 469 9440 1114 8326 689
internal_count=6060 288 103 185 5772 366 5406 297
is_linear=0
shrinkage=0.00866619


Tree=6
num_leaves=9
num_cat=0
split_feature=9 6 3 43 22 53 34 18
split_gain=101.625 58.2318 32.4231 15.9365 25.8466 0.252418 0.222534 0.21241
threshold=0.69943241849707793 0.78656609248549303 0.31350000000000006 30.010625000000005 27.305000000000003 0.17350000000000002 3.3744992985553743 29.67600722509022
decision_type=2 2 2 2 2 2 2 2
left_child=3 2 -2 6 -5 -4 -1 -6
right_child=1 -3 5 4 7 -7 -8 -9
leaf_value=-0.01957270870281963 0.042849015521532002 0.050156833321930695 0.0018611965293193874 0.0083764390379229524 0.00064155994397568764 -0.0071829460331971906 -0.01351404610784736 -0.0025662711526300576
leaf_weight=8016 132 460 52 425 82 432 310 607
leaf_count=5316 24 60 8 69 22 196 90 275
internal_value=0 0.00251832 0.000712767 -0.000287065 0.000675128 -0.000284665 -0.000419388 -0.000328589
internal_weight=10516 1076 616 9440 1114 484 8326 689
internal_count=6060 288 228 5772 366 204 5406 297
is_linear=0
shrinkage=0.00866619


Tree=7
num_leaves=10
num_cat=0
split_feature=9 6 61 43 6 31 52 22 34
split_gain=100.834 58.7462 42.9301 18.5066 29.4414 1.28342 0.786344 0.26192 0.222534
threshold=0.7236172338812249 0.37940952255126048 2.2250000000000005 30.010625000000005 0.91597561503675351 7.1203235768473059 0.24250000000000002 27.025000000000002 3.3744992985553743
decision_type=2 2 2 2 2 2 2 2 2
left_child=3 6 -3 8 5 7 -2 -5 -1
right_child=1 2 -4 4 -6 -7 -8 -9 -10
leaf_value=-0.019403087952371275 0.015106940697476659 0.05183372889865337 0.018381763170331602 6.7642746176803045e-05 0.0082525164639289227 0.009340460012877869 -0.039402560927842979 -0.0067234386251930423 -0.013396930859405669
leaf_weight=8016 46 279 279 66 432 92 276 720 310
leaf_count=5316 10 35 55 14 56 16 140 328 90
internal_value=-7.12867e-06 0.00279019 0.00448068 -0.000266666 0.000681264 -0.00020375 -7.83509e-05 -0.000341435 -0.000419388
internal_weight=10516 880 558 9636 1310 878 322 786 8326
internal_count=6060 240 90 5820 414 358 150 342 5406
is_linear=0
shrinkage=0.00866619


Tree=8
num_leaves=10
num_cat=0
split_feature=9 6 61 43 6 23 52 34 43
split_gain=100.534 58.7462 42.9301 18.3308 29.4414 1.2556 0.786344 0.210804 0.111
threshold=0.7236172338812249 0.37940952255126048 2.2250000000000005 30.010625000000005 0.91597561503675351 27.065000000000001 0.24250000000000002 3.3744992985553743 28.167708333333341
decision_type=2 2 2 2 2 2 2 2 2
left_child=3 6 -3 7 5 -5 -2 -1 -9
right_child=1 2 -4 4 -6 -7 -8 8 -10
leaf_value=-0.019234937167037072 0.014976021126915828 0.051384528119761685 0.018222463376375803 -0.0043679134222463179 0.0081809986144093464 -0.00680001021393567 -0.039061090973139916 -0.027976072972944837 -0.0093134261160879479
leaf_weight=8016 46 279 279 183 432 695 276 153 157
leaf_count=5316 10 35 55 39 56 319 140 57 33
internal_value=-3.01005e-06 0.00279019 0.00448068 -0.000262172 0.000681264 -0.00020375 -7.83509e-05 -0.000414186 -6.48175e-05
internal_weight=10516 880 558 9636 1310 878 322 8326 310
internal_count=6060 240 90 5820 414 358 150 5406 90
is_linear=0
shrinkage=0.00866619


Tree=9
num_leaves=11
num_cat=0
split_feature=9 6 61 43 6 31 52 22 34 43
split_gain=97.3372 56.8117 40.1825 18.3308 29.4414 1.28342 0.786344 0.26192 0.210804 0.111
threshold=0.7236172338812249 0.37940952255126048 2.2250000000000005 30.010625000000005 0.91597561503675351 7.1203235768473059 0.24250000000000002 27.025000000000002 3.3744992985553743 28.167708333333341
decision_type=2 2 2 2 2 2 2 2 2 2
left_child=3 6 -3 8 5 7 -2 -5 -1 -10
right_child=1 2 -4 4 -6 -7 -8 -9 9 -11
leaf_value=-0.019068243607824709 0.014846236129813629 0.050939220198745416 0.01806454410419691 0.00010490969528849455 0.0081101005519356086 0.009297366995087146 -0.038722580260862151 -0.0066062418909253393 -0.027733627097704983 -0.0092327142253097131
leaf_weight=8016 46 279 279 66 432 92 276 720 153 157
leaf_count=5316 10 35 55 14 56 16 140 328 57 33
internal_value=-7.12867e-06 0.00274122 0.00440368 -0.000262172 0.000681264 -0.00020375 -7.83509e-05 -0.000341435 -0.000414186 -6.48175e-05
internal_weight=10516 880 558 9636 1310 878 322 786 8326 310
internal_count=6060 240 90 5820 414 358 150 342 5406 90
is_linear=0
shrinkage=0.00866619


Tree=10
num_leaves=10
num_cat=0
split_feature=9 6 43 6 3 31 35 34 43
split_gain=93.4404 57.3449 19.2605 31.9194 10.2871 1.32271 0.245573 0.219547 0.114314
threshold=0.7236172338812249 0.60355339059327384 29.807083333333338 0.91597561503675351 0.28650000000000003 7.2599115318241383 31.321017915636276 3.3744992985553743 28.167708333333341
decision_type=2 2 2 2 2 2 2 2 2
left_child=2 4 7 5 -2 6 -4 -1 -9
right_child=1 -3 3 -5 -6 -7 -8 8 -10
leaf_value=-0.019813823276696032 0.029543440589716391 0.048222881936812151 0.00010400052826852299 0.0077318321755452443 -0.017687832738857535 0.0092167942756518906 -0.0062938606291373317 -0.027493282303716907 -0.0088233873479796592
leaf_weight=7907 70 474 75 474 336 92 783 153 152
leaf_count=5279 14 70 19 62 156 16 355 57 32
internal_value=-5.38874e-07 0.00269224 -0.000250486 0.000671184 0.000222679 -0.000221062 -0.000349103 -0.000413921 -5.88692e-05
internal_weight=10516 880 9636 1424 406 950 858 8212 305
internal_count=6060 240 5820 452 170 390 374 5368 89
is_linear=0
shrinkage=0.00866619


Tree=11
num_leaves=10
num_cat=0
split_feature=9 6 43 6 3 31 22 34 43
split_gain=93.5689 57.9161 18.3308 29.4414 9.61749 1.28342 0.26192 0.210804 0.111
threshold=0.7236172338812249 0.60355339059327384 30.010625000000005 0.91597561503675351 0.28650000000000003 7.1203235768473059 27.025000000000002 3.3744992985553743 28.167708333333341
decision_type=2 2 2 2 2 2 2 2 2
left_child=2 4 7 5 -2 6 -4 -1 -9
right_child=1 -3 3 -5 -6 -7 -8 8 -10
leaf_value=-0.018731284351746525 0.029287411613873448 0.047804973432317495 0.00010309924025981599 0.0079728114031219245 -0.01753454667567006 0.0091369198144568928 -0.0064944471923203909 -0.027255020382617887 -0.0090762366755982159
leaf_weight=8016 70 474 66 432 336 92 720 153 157
leaf_count=5316 14 70 14 56 156 16 328 57 33
internal_value=-1.2071e-05 0.00268245 -0.000262172 0.000681264 0.00020158 -0.00020375 -0.000341435 -0.000414186 -6.48175e-05
internal_weight=10516 880 9636 1310 406 878 786 8326 310
internal_count=6060 240 5820 414 170 358 342 5406 90
is_linear=0
shrinkage=0.00866619


Tree=12
num_leaves=12
num_cat=0
split_feature=9 3 22 43 6 60 31 34 22 34 43
split_gain=82.727 52.21 45.8474 23.4217 33.6109 1.84222 1.33742 0.799025 0.252744 0.219744 0.114314
threshold=0.7469444191903023 0.31350000000000006 28.045000000000005 29.807083333333338 0.91597561503675351 1.0000000180025095e-35 7.2599115318241383 0.23132753541236137 27.025000000000002 3.3744992985553743 28.167708333333341
decision_type=2 2 2 2 2 2 2 2 2 2 2
left_child=3 -2 -3 9 5 -5 8 -4 -7 -1 -11
right_child=1 2 7 4 -6 6 -8 -9 -10 10 -12
leaf_value=-0.019699079519671779 0.053700376047324666 0.01687380722969483 0.052920417909990969 5.6658392785345683e-05 0.0074270744957463698 0.00010220576298134407 0.0090577375602657849 -0.010287288469037436 -0.0053941303155616814 -0.027018823283842308 -0.0086682658619491853
leaf_weight=7958 199 128 87 40 497 73 92 322 815 153 152
leaf_count=5290 27 20 23 16 65 17 16 122 375 57 32
internal_value=-1.61896e-05 0.00277338 0.00127982 -0.000230149 0.000751752 -0.00012562 -0.000227528 -9.01526e-05 -0.000351932 -0.000414041 -5.88692e-05
internal_weight=10516 736 537 9780 1517 1020 980 409 888 8263 305
internal_count=6060 192 165 5868 489 424 408 145 392 5379 89
is_linear=0
shrinkage=0.00866619


Tree=13
num_leaves=11
num_cat=0
split_feature=43 52 24 17 7 4 59 35 34 43
split_gain=76.0234 43.0699 64.2189 17.2198 15.5528 9.85884 3.06563 2.3307 0.219524 0.114314
threshold=29.764166666666672 0.85550000000000004 29.035000000000004 32.20156939611126 0.78656609248549325 1006.7500000000001 0.83500000000000008 32.669154804864988 3.3744992985553743 28.167708333333341
decision_type=2 2 2 2 2 2 2 2 2 2
left_child=8 2 7 5 -4 -3 -5 -2 -1 -10
right_child=1 3 4 6 -6 -7 -8 -9 9 -11
leaf_value=-0.019355857821798265 -0.00028109113236536668 0.0059807918180555678 0.049421855191246714 0.014556303732360058 0.043783477160380252 0.016908863765676789 -0.0049870042043847467 -0.0097349553124851732 -0.026784673113254186 -0.0085931450504705947
leaf_weight=7901 106 207 255 66 299 191 904 282 153 152
leaf_count=5269 18 39 47 22 35 35 420 86 57 32
internal_value=-2.03082e-05 0.00136411 0.00278963 0.000356397 0.00467096 0.00187108 -0.000243198 1.00191e-05 -0.000413907 -5.88692e-05
internal_weight=10516 2310 942 1368 554 398 970 388 8206 305
internal_count=6060 702 186 516 82 74 442 104 5358 89
is_linear=0
shrinkage=0.00866619


Tree=14
num_leaves=10
num_cat=0
split_feature=9 3 22 43 17 38 34 34 43
split_gain=81.2921 47.9452 45.8474 15.9831 24.9115 30.0404 0.799025 0.219744 0.114314
threshold=0.7469444191903023 0.31350000000000006 28.045000000000005 29.807083333333338 33.195980967818144 4.5140527105596417 0.23132753541236137 3.3744992985553743 28.167708333333341
decision_type=2 2 2 2 2 2 2 2 2
left_child=3 -2 -3 7 5 -5 -4 -1 -9
right_child=1 2 6 4 -6 -7 -8 8 -10
leaf_value=-0.0193606221359158 0.052855562762216701 0.016646252480012329 0.052082363887823155 0.0079970588719480342 -0.0007512788815563329 -0.004110975603728988 -0.010715109155387535 -0.026552552131791345 -0.0085186752499793478
leaf_weight=7958 199 128 87 348 859 310 322 153 152
leaf_count=5290 27 20 23 56 367 66 122 57 32
internal_value=-4.99623e-05 0.00271488 0.00127982 -0.000262033 0.000546735 0.001817 -9.01526e-05 -0.000414041 -5.88692e-05
internal_weight=10516 736 537 9780 1517 658 409 8263 305
internal_count=6060 192 165 5868 489 122 145 5379 89
is_linear=0
shrinkage=0.00866619


Tree=15
num_leaves=10
num_cat=0
split_feature=9 6 3 43 6 34 34 45 43
split_gain=81.0476 50.9643 38.8082 16.9303 31.7592 1.18644 0.219744 0.189818 0.114314
threshold=0.7469444191903023 0.37940952255126048 0.71050000000000002 29.807083333333338 0.91597561503675351 2.3153704709097096 3.3744992985553743 1280.4310000000003 28.167708333333341
decision_type=2 2 2 2 2 2 2 2 2
left_child=3 7 -3 6 5 -5 -1 -2 -8
right_child=1 2 -4 4 -6 -7 8 -9 -10
leaf_value=-0.019192839367281028 0.0128560040123731 0.04851168763157309 0.0046987675783364 -0.0063623555250938027 0.0067016724836072598 -0.0010386756956389024 -0.026322442754121766 -0.020032971692021916 -0.0084448508186925533
leaf_weight=7958 42 262 202 903 497 117 153 230 152
leaf_count=5290 10 34 38 403 65 21 57 110 32
internal_value=-4.58437e-05 0.00271488 0.00444927 -0.000257605 0.000575209 -0.000277845 -0.000414041 -0.000170795 -5.88692e-05
internal_weight=10516 736 464 9780 1517 1020 8263 272 305
internal_count=6060 192 72 5868 489 424 5379 120 89
is_linear=0
shrinkage=0.00866619


Tree=16
num_leaves=10
num_cat=0
split_feature=9 6 43 6 30 34 43 6 34
split_gain=73.5814 58.6094 16.4226 26.0064 1.28269 1.18606 1.04935 1.86511 0.21104
threshold=0.7469444191903023 0.60355339059327384 30.382083333333338 0.91597561503675351 35.500000000000007 2.1506763129968727 30.010625000000005 0.91597561503675351 3.3744992985553743
decision_type=2 2 2 2 2 2 2 2 2
left_child=2 4 6 5 -2 -4 8 -8 -1
right_child=1 -3 3 -5 -6 -7 7 -9 -10
leaf_value=-0.017621681599776479 0.027261457379741109 0.046543521707352466 -0.005625576146229075 0.0077462458075252703 -0.0024085470465597999 -0.00023213299911117671 -0.0068831438588929693 0.0036540827718255344 -0.012668385052097129
leaf_weight=8079 72 392 595 363 272 104 237 92 310
leaf_count=5331 24 56 255 43 112 16 117 16 90
internal_value=-6.72605e-05 0.00256279 -0.000269119 0.000737284 0 -0.000206933 -0.000395175 1.0492e-05 -0.00041433
internal_weight=10516 736 9780 1062 344 699 8718 329 8389
internal_count=6060 192 5868 314 136 271 5554 133 5421
is_linear=0
shrinkage=0.00866619


Tree=17
num_leaves=10
num_cat=0
split_feature=9 6 43 6 30 34 22 34 43
split_gain=65.1112 51.9964 17.9051 30.7829 1.28269 1.04746 0.283599 0.219744 0.114314
threshold=0.7469444191903023 0.60355339059327384 29.807083333333338 0.91597561503675351 35.500000000000007 2.3153704709097096 27.025000000000002 3.3744992985553743 28.167708333333341
decision_type=2 2 2 2 2 2 2 2 2
left_child=2 4 7 5 -2 6 -4 -1 -9
right_child=1 -3 3 -5 -6 -7 -8 8 -10
leaf_value=-0.018873797850409636 0.027025204496745794 0.046140166852366375 2.6862227490874371e-07 0.0065764641243470177 -0.0023876741278580429 -0.0010276626300610916 -0.0063205260039541382 -0.025984540955576067 -0.0082618795719851257
leaf_weight=7958 72 392 61 497 272 117 842 153 152
leaf_count=5290 24 56 13 65 112 21 390 57 32
internal_value=-6.31419e-05 0.0024107 -0.000253176 0.000603684 0 -0.000235561 -0.000353277 -0.000414041 -5.88692e-05
internal_weight=10516 736 9780 1517 344 1020 903 8263 305
internal_count=6060 192 5868 489 136 424 403 5379 89
is_linear=0
shrinkage=0.00866619


Tree=18
num_leaves=12
num_cat=0
split_feature=9 3 22 43 22 38 1 34 34 34 43
split_gain=65.6825 41.6225 33.5186 15.4282 26.8295 33.0288 1.43285 0.799025 0.219744 0.207604 0.114314
threshold=0.7469444191903023 0.31350000000000006 28.045000000000005 29.807083333333338 27.305000000000003 4.5202975657017017 0.015000000000000001 0.23132753541236137 3.3744992985553743 2.2202171442052845 28.167708333333341
decision_type=2 2 2 2 2 2 2 2 2 2 2
left_child=3 -2 -3 8 5 -5 -6 -4 -1 -8 -10
right_child=1 2 7 4 6 -7 9 -9 10 -11 -12
leaf_value=-0.018710233991987915 0.051173881070108125 0.015543542491122855 0.05040738288161925 0.011416188187360754 0.0001413110892786135 -0.0036059902488300845 -0.0041036260566531015 -0.010715207326017917 -0.025759354068882839 2.418342290762699e-05 -0.0081902805800217974
leaf_weight=7958 199 128 87 250 63 247 864 322 153 93 152
leaf_count=5290 27 20 23 38 27 47 364 122 57 13 32
internal_value=-7.38503e-05 0.0024107 0.00107186 -0.00026469 0.00052965 0.00217637 -0.000252474 -9.01526e-05 -0.000414041 -0.000357771 -5.88692e-05
internal_weight=10516 736 537 9780 1517 497 1020 409 8263 957 305
internal_count=6060 192 165 5868 489 85 404 145 5379 377 89
is_linear=0
shrinkage=0.00866619


Tree=19
num_leaves=11
num_cat=0
split_feature=9 6 43 6 30 34 10 9 43 34
split_gain=62.8469 49.5583 16.2775 26.0064 1.28269 1.18606 1.04657 3.96815 4.53351 0.174576
threshold=0.7469444191903023 0.60355339059327384 30.382083333333338 0.91597561503675351 35.500000000000007 2.1506763129968727 -0.9523422988233432 0.19244979981841034 30.143541666666668 2.3153704709097096
decision_type=2 2 2 2 2 2 2 2 2 2
left_child=2 4 6 5 -2 -4 7 9 -9 -1
right_child=1 -3 3 -5 -6 -7 -8 8 -10 -11
leaf_value=-0.021251935573594633 0.026347516611046298 0.045293452723893304 -0.0054864862029682286 0.0075231877075459764 -0.0028104645120975739 -0.00021747591873134931 -0.016450091228475835 0.0034664881212651054 -0.0048882418258042086 -0.0082575157064200527
leaf_weight=880 72 392 595 363 272 104 7537 99 95 107
leaf_count=632 24 56 255 43 112 16 4797 39 47 39
internal_value=-7.79689e-05 0.0023522 -0.00026469 0.000737284 0 -0.000206933 -0.000390208 -0.000116238 0.000966037 -0.000360056
internal_weight=10516 736 9780 1062 344 699 8718 1181 194 987
internal_count=6060 192 5868 314 136 271 5554 757 86 671
is_linear=0
shrinkage=0.00866619


Tree=20
num_leaves=10
num_cat=0
split_feature=9 28 43 22 38 4 34 34 43
split_gain=61.7417 39.6082 22.1542 25.3169 34.8202 5.3606 0.639266 0.208153 0.114314
threshold=0.79091635943066529 66.950000000000017 29.807083333333338 27.425000000000004 4.5202975657017017 1008.85 1.9020827088304129 3.3744992985553743 28.167708333333341
decision_type=2 2 2 2 2 2 2 2 2
left_child=2 -2 7 4 -4 6 -5 -1 -9
right_child=1 -3 3 5 -6 -7 -8 8 -10
leaf_value=-0.018405528044514972 -0.0067275143080796898 0.05033787713215878 0.0097025525894515428 -0.0049076757751015613 -0.0037917490481198203 0.0026762243285409636 2.5858531789860498e-05 -0.025393559129814627 -0.0078869900369275946
leaf_weight=7958 162 250 292 923 266 264 96 153 152
leaf_count=5290 54 42 44 415 50 60 16 57 32
internal_value=-7.79689e-05 0.00318694 -0.000215228 0.000637632 0.00217069 -1.34869e-05 -0.00032002 -0.0004088 -5.88692e-05
internal_weight=10516 412 10104 1841 558 1283 1019 8263 305
internal_count=6060 96 5964 585 94 491 431 5379 89
is_linear=0
shrinkage=0.00866619


Tree=21
num_leaves=13
num_cat=0
split_feature=9 6 43 6 1 3 58 34 34 10 10 10
split_gain=58.0319 38.0886 22.1542 28.093 24.9904 6.35797 1.61139 0.676679 0.208153 0.182207 0.101507 0.00268656
threshold=0.79091635943066529 0.60355339059327384 29.807083333333338 0.91597561503675351 1.4750000000000003 0.13150000000000003 0.83500000000000008 2.3153704709097096 3.3744992985553743 -0.021515300460958599 -0.9993703818063705 -0.99981480381338828
decision_type=2 2 2 2 2 2 2 2 2 2 2 2
left_child=2 -2 8 5 -5 -4 -7 -8 10 -10 11 -1
right_child=1 -3 3 4 -6 6 7 -9 9 -11 -12 -13
leaf_value=-0.00617569747935727 0.0086577650387482507 0.04990163968415013 0.012394560971652103 0.0074084659150540919 0.011167971883855137 0.0033595239280652341 -0.0062923884180963278 0.008320423192881404 -0.0019712836328437695 -0.030474706306798362 -0.017937488123905044 0.00029797789753126973
leaf_weight=72 192 220 76 338 235 54 1046 92 122 183 7804 82
leaf_count=48 68 28 12 42 35 22 458 16 26 63 5200 42
internal_value=-8.20875e-05 0.00308296 -0.000215228 0.000637632 0.00222308 -6.30117e-05 -0.000242257 -0.000331817 -0.0004088 -5.88692e-05 -0.000418744 0
internal_weight=10516 412 10104 1841 573 1268 1192 1138 8263 305 7958 154
internal_count=6060 96 5964 585 77 508 496 474 5379 89 5290 90
is_linear=0
shrinkage=0.00866619


Tree=22
num_leaves=12
num_cat=0
split_feature=9 6 43 22 38 38 1 34 10 10 10
split_gain=59.1431 38.0886 17.1062 29.7313 35.9498 4.30855 8.24552 0.199623 0.189811 0.0892115 0.00268656
threshold=0.79091635943066529 0.60355339059327384 30.010625000000005 27.425000000000004 4.6243033923611199 2.908001460029487 3.3750000000000004 3.3744992985553743 -0.021515300460958599 -0.9993703818063705 -0.99981480381338828
decision_type=2 2 2 2 2 2 2 2 2 2 2
left_child=2 -2 7 4 -4 6 -5 9 -9 10 -1
right_child=1 -3 3 5 -6 -7 -8 8 -10 -11 -12
leaf_value=-0.0061221777311764921 0.0085827352293654218 0.049469182751369502 0.0099559765897082719 0.012447650463808285 -0.0035833896118158048 -0.00029935806686682355 -0.016718363519952102 -0.0019542001205805483 -0.030496910180275241 -0.016963914571644898 0.00029539556539912802
leaf_weight=72 192 220 244 75 236 1031 129 122 188 7920 87
leaf_count=48 68 28 36 27 40 387 53 26 64 5236 47
internal_value=-0.000111742 0.00308296 -0.000246091 0.000534684 0.00235728 -0.00015801 0.000940516 -0.000409167 -6.48175e-05 -0.000418962 0
internal_weight=10516 412 10104 1715 480 1235 204 8389 310 8079 159
internal_count=6060 96 5964 543 76 467 80 5421 90 5331 95
is_linear=0
shrinkage=0.00866619


Tree=23
num_leaves=12
num_cat=0
split_feature=9 6 43 22 38 38 1 34 10 10 10
split_gain=58.7407 38.0886 17.8615 28.8972 34.8202 4.18455 13.6326 0.208153 0.182207 0.101507 0.00268656
threshold=0.79091635943066529 0.60355339059327384 29.807083333333338 27.425000000000004 4.5202975657017017 2.908001460029487 1.8350000000000002 3.3744992985553743 -0.021515300460958599 -0.9993703818063705 -0.99981480381338828
decision_type=2 2 2 2 2 2 2 2 2 2 2
left_child=2 -2 7 4 -4 6 -5 9 -9 10 -1
right_child=1 -3 3 5 -6 -7 -8 8 -10 -11 -12
leaf_value=-0.0060691217951326856 0.0085083556423287375 0.049040473571165651 0.0094979591102723349 0.012339776799255889 -0.0037920378683393018 -0.00031650884660496616 -0.016650020740262651 -0.0019372646572263523 -0.029946314886805585 -0.017635026047408305 0.00029283561223968535
leaf_weight=72 192 220 292 53 266 1072 158 122 183 7804 82
leaf_count=48 68 28 44 13 50 404 74 26 63 5200 42
internal_value=-0.000101033 0.00308296 -0.000234946 0.000529641 0.00217069 -0.000168271 0.000895941 -0.0004088 -5.88692e-05 -0.000418744 0
internal_weight=10516 412 10104 1841 558 1283 211 8263 305 7958 154
internal_count=6060 96 5964 585 94 491 87 5379 89 5290 90
is_linear=0
shrinkage=0.00866619


Tree=24
num_leaves=11
num_cat=0
split_feature=9 6 43 22 0 57 34 10 10 10
split_gain=58.8953 38.0886 16.9903 27.0345 17.7738 3.81398 0.208153 0.182207 0.101507 0.00268656
threshold=0.79091635943066529 0.60355339059327384 29.807083333333338 27.425000000000004 2.1350000000000002 1008.7500000000001 3.3744992985553743 -0.021515300460958599 -0.9993703818063705 -0.99981480381338828
decision_type=2 2 2 2 2 2 2 2 2 2
left_child=2 -2 6 4 -4 -5 8 -8 9 -1
right_child=1 -3 3 5 -6 -7 7 -9 -10 -11
leaf_value=-0.0060165256517432306 0.0084346206426899155 0.048615479664814464 -0.00018702171309015219 -0.00030557894045268028 0.0074573204955008547 0.0028284303825158994 -0.0019204759597616517 -0.029686794527033825 -0.017482197616874976 0.00029029784411260844
leaf_weight=72 192 220 219 1055 339 228 122 183 7804 82
leaf_count=48 68 28 47 427 47 64 26 63 5200 42
internal_value=-0.000105152 0.00308296 -0.000239232 0.000506165 0.00209369 -0.000168271 -0.0004088 -5.88692e-05 -0.000418744 0
internal_weight=10516 412 10104 1841 558 1283 8263 305 7958 154
internal_count=6060 96 5964 585 94 491 5379 89 5290 90
is_linear=0
shrinkage=0.00866619


Tree=25
num_leaves=10
num_cat=0
split_feature=9 6 43 22 44 10 9 34 34
split_gain=59.2982 38.0886 17.262 29.8486 5.53099 0.748648 2.82401 3.52279 0.174576
threshold=0.79091635943066529 0.60355339059327384 30.382083333333338 27.425000000000004 2.6815276770449015 -0.9523422988233432 0.19244979981841034 1.1655104440200701 2.3153704709097096
decision_type=2 2 2 2 2 2 2 2 2
left_child=2 -2 5 -4 -5 6 8 -8 -1
right_child=1 -3 3 4 -6 -7 7 -9 -10
leaf_value=-0.020154511623950506 0.0083615246443340969 0.048194168835058629 0.0087779267531707707 -0.00048338725743155442 -0.00065581211164413022 -0.015541231421841873 -0.004820396783561256 0.0030549416301836039 -0.0080463190919477443
leaf_weight=880 192 220 366 158 862 7537 100 94 107
leaf_count=632 68 28 46 46 318 4797 52 34 39
internal_value=-0.00011586 0.00308296 -0.000250377 0.00063905 -0.000100249 -0.000395175 -0.000152781 0.00074801 -0.000360056
internal_weight=10516 412 10104 1386 1020 8718 1181 194 987
internal_count=6060 96 5964 410 364 5554 757 86 671
is_linear=0
shrinkage=0.00866619


Tree=26
num_leaves=12
num_cat=0
split_feature=9 6 43 22 38 38 1 34 10 10 10
split_gain=58.7407 38.0886 17.8615 28.8972 34.8202 4.18455 13.6326 0.208153 0.182207 0.101507 0.00268656
threshold=0.79091635943066529 0.60355339059327384 29.807083333333338 27.425000000000004 4.5202975657017017 2.908001460029487 1.8350000000000002 3.3744992985553743 -0.021515300460958599 -0.9993703818063705 -0.99981480381338828
decision_type=2 2 2 2 2 2 2 2 2 2 2
left_child=2 -2 7 4 -4 6 -5 9 -9 10 -1
right_child=1 -3 3 5 -6 -7 -8 8 -10 -11 -12
leaf_value=-0.0057897225530961693 0.0082890621095567576 0.047776509163668289 0.0092749503361511509 0.012212515406181198 -0.0039435963041914296 -0.00030166877318646928 -0.016524556865604959 -0.0018129365918427909 -0.029294840004068835 -0.017196010410956034 0.00035751297332780831
leaf_weight=72 192 220 292 53 266 1072 158 122 183 7804 82
leaf_count=48 68 28 44 13 50 404 74 26 63 5200 42
internal_value=-0.000101033 0.00308296 -0.000234946 0.000529641 0.00217069 -0.000168271 0.000895941 -0.0004088 -5.88692e-05 -0.000418744 0
internal_weight=10516 412 10104 1841 558 1283 211 8263 305 7958 154
internal_count=6060 96 5964 585 94 491 87 5379 89 5290 90
is_linear=0
shrinkage=0.00866619


Tree=27
num_leaves=11
num_cat=0
split_feature=9 6 10 37 1 35 3 59 45 45
split_gain=60.2639 46.9292 8.11613 21.6482 3.91201 6.52836 1.77078 0.292951 0.185658 0.779189
threshold=0.7236172338812249 0.60355339059327384 -0.9523422988233432 36.159900341021192 0.25500000000000006 28.954522196392841 0.24250000000000002 1.3650000000000004 2563.7530000000002 2574.0825000000004
decision_type=2 2 2 2 2 2 2 2 2 2
left_child=2 6 3 4 5 -1 -2 -6 -4 -10
right_child=1 -3 8 -5 7 -7 -8 -9 9 -11
leaf_value=0.0026664729479085898 0.025242409171394233 0.04094715213450266 -0.01072815139991596 0.010681520573128626 6.1156354182401352e-05 -0.0059253685028809811 -0.010641498749197491 -0.016909277332295733 6.5988183899164201e-06 -0.0014148226671484778
leaf_weight=109 60 474 7639 193 61 145 346 1000 98 391
leaf_count=25 12 70 4779 53 21 73 158 692 42 135
internal_value=-0.000105152 0.00205556 -0.000306218 0.000266126 -0.000115599 0.000809008 -4.54484e-05 -0.000365142 -0.000415852 -0.000145754
internal_weight=10516 880 9636 1508 1315 254 406 1061 8128 489
internal_count=6060 240 5820 864 811 98 170 713 4956 177
is_linear=0
shrinkage=0.00866619


Tree=28
num_leaves=13
num_cat=0
split_feature=9 6 43 22 38 38 1 34 34 10 10 10
split_gain=59.1431 38.0886 15.6425 21.7785 28.9254 3.91394 13.6326 0.208153 0.188987 0.182207 0.101507 0.00268656
threshold=0.79091635943066529 0.60355339059327384 29.807083333333338 27.425000000000004 4.3841150463966772 2.908001460029487 1.8350000000000002 3.3744992985553743 2.1506763129968727 -0.021515300460958599 -0.9993703818063705 -0.99981480381338828
decision_type=2 2 2 2 2 2 2 2 2 2 2 2
left_child=2 -2 7 4 -4 6 -5 10 -7 -9 11 -1
right_child=1 -3 3 5 -6 8 -8 9 -10 -11 -12 -13
leaf_value=-0.0055930087791649617 0.0079984721146474751 0.047007613338342143 0.0094505073865380086 0.011751823795288436 -0.00016203411886032439 -0.00051871167550638611 -0.01673620763915426 -0.0018203334973733169 -0.00056121516140432437 -0.028947993282942539 -0.016954014407545438 0.000331306546353706
leaf_weight=72 192 220 247 53 311 969 158 122 103 183 7804 82
leaf_count=48 68 28 35 13 59 389 74 26 15 63 5200 42
internal_value=-0.000111742 0.00308296 -0.000246091 0.000468603 0.00189349 -0.000134623 0.000895941 -0.0004088 -0.000365839 -5.88692e-05 -0.000418744 0
internal_weight=10516 412 10104 1841 558 1283 211 8263 1072 305 7958 154
internal_count=6060 96 5964 585 94 491 87 5379 404 89 5290 90
is_linear=0
shrinkage=0.00866619


Tree=29
num_leaves=12
num_cat=0
split_feature=43 43 17 4 1 17 34 34 10 10 10
split_gain=59.454 12.7882 19.6102 6.47671 16.9354 0.583056 0.208376 0.207856 0.182207 0.101411 0.00268656
threshold=35.068958333333342 29.764166666666672 30.738579959986467 1008.6500000000002 1.4750000000000003 31.40034649632582 2.1308775237904203 3.3744992985553743 -0.021515300460958599 -0.9993703818063705 -0.99981480381338828
decision_type=2 2 2 2 2 2 2 2 2 2 2
left_child=1 7 -3 5 -5 -4 -7 9 -9 10 -1
right_child=-2 2 3 4 -6 6 -8 8 -10 -11 -12
leaf_value=-0.005544538720125578 0.046600236578574171 0.0093840963861400832 -8.1452508528604309e-05 0.010479142754598807 -0.0014206605118001541 -0.004169778283788019 6.7646985013615509e-05 -0.001804558147186563 -0.028697124564709398 -0.017675993126452141 0.00032843538192400812
leaf_weight=72 255 345 101 133 240 1138 98 122 183 7747 82
leaf_count=48 43 57 17 21 72 478 14 26 63 5179 42
internal_value=-0.000147985 -0.000254019 0.000349653 -1.69513e-05 0.000968251 -0.000314575 -0.000374757 -0.000408629 -5.88692e-05 -0.000418639 0
internal_weight=10516 10261 2055 1710 373 1337 1236 8206 305 7901 154
internal_count=6060 6017 659 602 93 509 492 5358 89 5269 90
is_linear=0
shrinkage=0.00866619


end of trees

feature_importances:
temp_c_roll24h_mean=43
heat_index_c_roll3h_std=42
hour_cos=35
doy_sin=30
doy_cos=24
temp_c_lag3h=23
cloud_cover=14
heat_index_c_roll24h_std=11
precip_mm=8
heat_index_c_lag6h=7
cloud_cover_lag3h=6
hi_change_3h=5
heat_index_c_lag3h=4
cloud_cover_lag1h=4
pressure_hpa=3
rh_lag24h=3
heat_index_c_roll6h_mean=3
temp_x_rh=3
precip_mm_lag3h=3
local_hour_sin=2
wind_ms_lag3h=2
wind_ms=1
temp_c_lag6h=1
temp_c_lag12h=1
rh_lag6h=1
temp_change_3h=1
heat_index_c_roll6h_std=1
heat_index_c_roll24h_mean=1
temp_c_roll3h_mean=1
temp_c_roll24h_std=1
pressure_hpa_lag6h=1
wind_ms_lag1h=1
precip_mm_lag1h=1

parameters:
[boosting: gbdt]
[objective: quantile]
[metric: quantile]
[tree_learner: serial]
[device_type: cpu]
[data_sample_strategy: bagging]
[data: ]
[valid: ]
[num_iterations: 2000]
[learning_rate: 0.00866619]
[num_leaves: 187]
[num_threads: -1]
[seed: 7]
[deterministic: 0]
[force_col_wise: 0]
[force_row_wise: 0]
[histogram_pool_size: -1]
[max_depth: -1]
[min_data_in_leaf: 36]
[min_sum_hessian_in_leaf: 0.001]
[bagging_fraction: 0.974843]
[pos_bagging_fraction: 1]
[neg_bagging_fraction: 1]
[bagging_freq: 0]
[bagging_seed: 17422]
[bagging_by_query: 0]
[feature_fraction: 0.948315]
[feature_fraction_bynode: 1]
[feature_fraction_seed: 7040]
[extra_trees: 0]
[extra_seed: 6516]
[early_stopping_round: 0]
[early_stopping_min_delta: 0]
[first_metric_only: 0]
[max_delta_step: 0]
[lambda_l1: 3.14594]
[lambda_l2: 4.74095]
[linear_lambda: 0]
[min_gain_to_split: 0]
[drop_rate: 0.1]
[max_drop: 50]
[skip_drop: 0.5]
[xgboost_dart_mode: 0]
[uniform_drop: 0]
[drop_seed: 15215]
[top_rate: 0.2]
[other_rate: 0.1]
[min_data_per_group: 100]
[max_cat_threshold: 32]
[cat_l2: 10]
[cat_smooth: 10]
[max_cat_to_onehot: 4]
[top_k: 20]
[monotone_constraints: ]
[monotone_constraints_method: basic]
[monotone_penalty: 0]
[feature_contri: ]
[forcedsplits_filename: ]
[refit_decay_rate: 0.9]
[cegb_tradeoff: 1]
[cegb_penalty_split: 0]
[cegb_penalty_feature_lazy: ]
[cegb_penalty_feature_coupled: ]
[path_smooth: 0]
[interaction_constraints: ]
[verbosity: -1]
[saved_feature_importance_type: 0]
[use_quantized_grad: 0]
[num_grad_quant_bins: 4]
[quant_train_renew_leaf: 0]
[stochastic_rounding: 1]
[linear_tree: 0]
[max_bin: 255]
[max_bin_by_feature: ]
[min_data_in_bin: 3]
[bin_construct_sample_cnt: 200000]
[data_random_seed: 61]
[is_enable_sparse: 1]
[enable_bundle: 1]
[use_missing: 1]
[zero_as_missing: 0]
[feature_pre_filter: 1]
[pre_partition: 0]
[two_round: 0]
[header: 0]
[label_column: ]
[weight_column: ]
[group_column: ]
[ignore_column: ]
[categorical_feature: ]
[forcedbins_filename: ]
[precise_float_parser: 0]
[parser_config_file: ]
[objective_seed: 15521]
[num_class: 1]
[is_unbalance: 0]
[scale_pos_weight: 1]
[sigmoid: 1]
[boost_from_average: 1]
[reg_sqrt: 0]
[alpha: 0.95]
[fair_c: 1]
[poisson_max_delta_step: 0.7]
[tweedie_variance_power: 1.5]
[lambdarank_truncation_level: 30]
[lambdarank_norm: 1]
[label_gain: ]
[lambdarank_position_bias_regularization: 0]
[eval_at: ]
[multi_error_top_k: 1]
[auc_mu_weights: ]
[num_machines: 1]
[local_listen_port: 12400]
[time_out: 120]
[machine_list_filename: ]
[machines: ]
[gpu_platform_id: -1]
[gpu_device_id: -1]
[gpu_use_dp: 0]
[num_gpu: 1]

end of parameters

pandas_categorical:[]
