tree
version=v4
num_class=1
num_tree_per_iteration=1
label_index=0
max_feature_idx=63
objective=binary sigmoid:1
feature_names=wind_ms precip_mm solar_wm2 cloud_cover pressure_hpa hour_sin hour_cos local_hour_sin local_hour_cos doy_sin doy_cos month station_enc lat lon elevation_m heat_index_c_lag1h heat_index_c_lag3h heat_index_c_lag6h heat_index_c_lag12h heat_index_c_lag24h temp_c_lag1h temp_c_lag3h temp_c_lag6h temp_c_lag12h temp_c_lag24h rh_lag1h rh_lag3h rh_lag6h rh_lag12h rh_lag24h hi_change_3h temp_change_3h heat_index_c_roll3h_mean heat_index_c_roll3h_std heat_index_c_roll6h_mean heat_index_c_roll6h_std heat_index_c_roll24h_mean heat_index_c_roll24h_std temp_c_roll3h_mean temp_c_roll3h_std temp_c_roll6h_mean temp_c_roll6h_std temp_c_roll24h_mean temp_c_roll24h_std temp_x_rh temp_x_evening solar_wm2_lag1h solar_wm2_lag3h solar_wm2_lag6h solar_wm2_roll6h_mean temp_x_solar cloud_cover_lag1h cloud_cover_lag3h cloud_cover_lag6h pressure_hpa_lag1h pressure_hpa_lag3h pressure_hpa_lag6h wind_ms_lag1h wind_ms_lag3h precip_mm_lag1h precip_mm_lag3h _hi_clim hi_residual_lag1h
feature_infos=[0.01:2.3500000000000001] [0:261.04000000000002] [0:1014.1] [0:1] [914.70000000000005:936.60000000000002] [-1:1] [-1:1] [-1:1] [-1:1] [-0.99999073973619013:0.99999073973619013] [-0.99996295911626554:1] [1:12] none none none none [13.129079990800035:39.510211582493213] [13.129079990800035:39.510211582493213] [13.129079990800035:39.510211582493213] [13.129079990800035:39.510211582493213] [13.129079990800035:39.510211582493213] [8.9000000000000004:40.060000000000002] [8.9000000000000004:40.060000000000002] [8.9000000000000004:40.060000000000002] [8.9000000000000004:40.060000000000002] [8.9000000000000004:40.060000000000002] [12.6:100] [12.6:100] [12.6:100] [12.6:100] [12.6:100] [-9.3188645356207225:12.877242282757292] [-9.8900000000000041:13.979999999999997] [13.135674854714784:39.310212248443428] [0.0031154328732641433:5.4655565699143942] [13.146296633792799:38.749571945413585] [0.014577552790519588:6.6303889586823237] [15.23200153035325:32.296352054729844] [0.65927517582456219:7.172065285411259] [9.096666666666664:39.879999999999995] [4.2093513818609526e-07:5.0423142834748074] [9.461666666666666:39.199999999999996] [0.025819888860682615:7.1511101702229158] [14.393750000000002:32.380833333333335] [0.7234817936875616:7.1997194867860097] [445.41000000000003:2454.7200000000003] [0:39.770000000000003] [0:1014.1] [0:1014.1] [0:1014.1] [0:887.73333333333312] [0:35915.688000000002] [0:1] [0:1] [0:1] [914.70000000000005:936.60000000000002] [914.70000000000005:936.60000000000002] [914.70000000000005:936.60000000000002] [0.01:2.3500000000000001] [0.01:2.3500000000000001] [0:261.04000000000002] [0:261.04000000000002] [15.406005722558952:34.813675084352731] [-9.6718217320024618:14.446810327538397]
tree_sizes=658 1324 1113 902 687 1218 701 2373 1132 1024 1140 2287 1263 920 919 584 918 922 1138 1264 926 706 1253 928 1478 593 1038 705 1152 593 1484 1152 1044 1152 694 1493 931 928 1030 1714 816 902 916 484 1579 697 824 1035 1163 370 2493 705 592 485 826 826 484 598 823 484 1583 588 373 373 596 486 486 938 486

Tree=0
num_leaves=5
num_cat=0
split_feature=19 55 3 0
split_gain=1.36425e+07 1144.4 3824.91 8.88178e-16
threshold=36.571921928842841 921.05000000000007 0.014500000000000001 2.1650000000000005
decision_type=2 2 2 2
left_child=3 -2 -3 -1
right_child=1 2 -4 -5
leaf_value=-7.5778881192730321 85.27860118728546 85.328467061077433 81.593297536632136 -7.5778881192730312
leaf_weight=7.9027447688858965 5.0053716346155834 2.0010740353027363 1.0424471408477982 0.031163937761448213
leaf_count=14708 25 8 82 58
internal_value=38.9502 84.8137 84.0491 -7.57789
internal_weight=15.9828 8.04889 3.04352 7.93391
internal_count=14881 115 90 14766
is_linear=0
shrinkage=1


Tree=1
num_leaves=11
num_cat=0
split_feature=24 37 63 37 18 19 24 0 24 0
split_gain=569540 839542 1.75407e+06 91846.7 124444 10707 9272.76 8.88178e-16 8.88178e-16 5.55112e-17
threshold=36.980000000000011 30.818794970394404 5.4468022450110114 29.740727099415839 27.399636582393047 36.04094873226456 34.675000000000004 1.5850000000000002 24.115000000000006 2.1950000000000007
decision_type=2 2 2 2 2 2 2 2 2 2
left_child=5 3 -3 -2 -5 7 -7 8 -1 -9
right_child=1 2 -4 4 -6 6 -8 9 -10 -11
leaf_value=-0.050025583847544179 -32.658316557393903 -2739.1464673593782 -65.266607530905276 -24.506243813998168 -547.86931393927568 -0.050025583847539613 -66.74880257519419 -0.050025583847544089 -0.050025583847544165 -0.050025583847541466
leaf_weight=4.138518026273232 0.0076667618122882031 0.0010222349083051094 0.0015333523624576628 0.0020444698166102171 0.0025555872707627714 0.0097112316288984202 0.011244583991356194 0.46971694036619727 2.8847469112370163 0.018400228349491954
leaf_count=8097 20 64 5 5 35 19 37 919 5644 36
internal_value=-0.758901 -310.391 -1134.82 -138.635 -315.264 -0.149596 -35.8396 -0.0500256 -0.0500256 -0.0500256
internal_weight=7.54716 0.0148224 0.00255559 0.0122668 0.00460006 7.53234 0.0209558 7.51138 7.02326 0.488117
internal_count=14881 129 69 60 40 14752 56 14696 13741 955
is_linear=0
shrinkage=0.05


Tree=2
num_leaves=9
num_cat=0
split_feature=24 4 38 19 24 29 30 3
split_gain=1.41672e+10 4.72167e+10 1.05779e+10 6295.16 12982.3 19282.2 3329.09 1.73472e-18
threshold=36.390000000000008 921.25000000000011 5.0271826261502977 35.539141249528363 34.675000000000004 29.350000000000005 54.45000000000001 0.13350000000000004
decision_type=2 2 2 2 2 2 2 2
left_child=3 -2 6 -1 -5 -6 -3 -8
right_child=1 2 -4 4 5 -7 7 -9
leaf_value=-0.050024335908931072 318578.20989070239 -58.802214326370496 114630.85455366355 -0.050024335908928623 -0.050024335908919651 -148.44790959684431 -0.050024335908918097 -0.050024335908918138
leaf_weight=7.1121596570592374 0.001458609417114059 0.0034041272081140146 0.0024310089065926197 0.017989465908612945 0.0043758160318247974 0.00438011343157374 0.0043758160318248312 0.0038896142505225806
leaf_count=14628 46 36 38 37 10 31 31 24
internal_value=103.731 47762.8 19748.7 -0.141075 -24.3533 -74.2854 -17.1886 -0.0500243
internal_weight=7.15446 0.0155592 0.0141006 7.13891 0.0267454 0.00875593 0.0116696 0.00826543
internal_count=14881 175 129 14706 78 41 91 55
is_linear=0
shrinkage=0.05


Tree=3
num_leaves=7
num_cat=0
split_feature=24 38 10 59 0 4
split_gain=473064 2.49149e+06 38559 51891.9 1.77636e-15 4.44089e-16
threshold=36.390000000000008 4.7262735282357147 -0.26781430516217447 1.2150000000000001 1.0550000000000004 919.05000000000007
decision_type=2 2 2 2 2 2
left_child=4 2 3 -2 -1 -6
right_child=1 -3 -4 -5 5 -7
leaf_value=-0.050023147763593158 -432.48231939049742 -2306.3556030905888 -0.05006920619712088 -0.050023147763556867 -0.050023147763592103 -0.050023147763593137
leaf_weight=4.5510014332830897 0.0013875004369765533 0.001387500436987636 0.0080253775231543655 0.0013875004369765585 0.063362519955262875 2.1723631841596216
leaf_count=9862 45 97 25 8 137 4707
internal_value=-0.608936 -311.835 -55.6037 -216.266 -0.0500231 -0.0500231
internal_weight=6.79892 0.0121879 0.0108004 0.002775 6.78673 2.23573
internal_count=14881 175 78 53 14706 4844
is_linear=0
shrinkage=0.05


Tree=4
num_leaves=5
num_cat=0
split_feature=24 37 34 30
split_gain=644157 2.38431e+06 17561 1.77636e-15
threshold=36.390000000000008 29.614646361174319 0.32345790755618004 70.550000000000011
decision_type=2 2 2 2
left_child=3 2 -2 -1
right_child=1 -3 -4 -5
leaf_value=-0.050022015408801579 -0.050071535349882783 -2386.739478750846 -152.732138467993 -0.050022015408801593
leaf_weight=2.1931678849796299 0.0033773053146431767 0.0013198197993915554 0.0042572121892590258 4.2627088540757541
leaf_count=4992 9 133 33 9714
internal_value=-0.637818 -424.425 -85.1897 -0.050022
internal_weight=6.46483 0.00895434 0.00763452 6.45588
internal_count=14881 175 42 14706
is_linear=0
shrinkage=0.05


Tree=5
num_leaves=10
num_cat=0
split_feature=19 37 3 24 38 3 0 3 0
split_gain=465716 2.13512e+06 29317.7 3545.99 5335.25 666.149 1.77636e-15 4.44089e-16 1.73472e-18
threshold=36.04094873226456 29.740727099415839 0.9385 35.805000000000007 4.8992580506819374 0.32550000000000007 1.0450000000000002 0.0035000000000000005 1.2150000000000001
decision_type=2 2 2 2 2 2 2 2 2
left_child=3 2 -2 6 5 8 -1 -8 -5
right_child=1 -3 -4 4 -6 -7 7 -9 -10
leaf_value=-0.050020942665428614 -196.87052988467124 -2270.0326861024419 -0.050020942665420093 -0.050020942665419767 -71.733684053014173 -23.944575312781659 -0.050020942665426615 -0.050020942665428607 -0.050020942262459171
leaf_weight=4.0599208713974804 0.0027944250032304607 0.0012555161956697711 0.0058590755797922611 0.0050220647826789673 0.0041850539855658999 0.0041850539855659017 0.033061926485970949 2.023473602021113 0.0046034395054448422
leaf_count=9708 25 123 25 30 20 16 79 4837 18
internal_value=-0.668474 -343.172 -63.6081 -0.115226 -22.2777 -7.29086 -0.0500209 -0.0500209 -0.0500209
internal_weight=6.14436 0.00990902 0.0086535 6.13445 0.0179956 0.0138106 6.11646 2.05654 0.0096255
internal_count=14881 173 50 14708 84 64 14624 4916 48
is_linear=0
shrinkage=0.05


Tree=6
num_leaves=5
num_cat=0
split_feature=24 24 9 17
split_gain=629836 4.20591e+06 8.88178e-16 1.73472e-18
threshold=35.805000000000007 36.390000000000008 -0.78829775591774587 25.815658255861887
decision_type=2 2 2 2
left_child=2 3 -1 -2
right_child=1 -3 -4 -5
leaf_value=-0.050019921482310319 -0.050019921482347254 -3182.1132173375699 -0.050019921482310173 -0.050019921482298405
leaf_weight=1.4713871902786193 0.0035829233530010546 0.0011941937555093344 4.3524556686461437 0.0043791285426128855
leaf_count=3696 15 175 10966 29
internal_value=-0.701486 -415.067 -0.0500199 -0.0500199
internal_weight=5.833 0.00915625 5.82384 0.00796205
internal_count=14881 219 14662 44
is_linear=0
shrinkage=0.05


Tree=7
num_leaves=20
num_cat=0
split_feature=19 44 19 31 34 9 9 9 37 44 44 1 19 19 44 19 9 23 17
split_gain=401019 4.16107e+06 623.792 1535.12 294.716 1.77636e-15 8.88178e-16 8.88178e-16 8.88178e-16 8.88178e-16 8.88178e-16 4.44089e-16 2.22045e-16 2.22045e-16 1.11022e-16 2.77556e-17 1.38778e-17 3.46945e-18 1.73472e-18
threshold=35.539141249528363 4.9858545862963144 35.08543224455557 -1.794569413493283 0.64456169662709006 0.46735488928835739 0.42109697129093554 0.38962684145003695 27.71710627538781 5.2428481989596465 3.3883973888647927 10.135000000000003 34.779207115872786 31.732973589990568 4.9202924718559666 33.817029155767266 0.45206801762443477 26.545000000000005 26.134042127395162
decision_type=2 2 2 2 2 2 2 2 2 2 2 2 2 2 2 2 2 2 2
left_child=2 4 5 -4 -2 6 7 8 9 10 -1 12 13 -7 -12 -15 -8 -18 -6
right_child=1 -3 3 -5 18 11 16 -9 -10 -11 14 -13 -14 15 -16 -17 17 -19 -20
leaf_value=-0.050018948143262333 -18.911833273283243 -3168.8348255258138 -0.050018948143258482 -36.058937205234059 -0.050018948143250523 -0.050018948143262555 -0.050018948143261757 -0.050018948143261757 -0.050018948143261334 -0.050018948143260071 -0.050018948143262534 -0.050018948143261945 -0.050018948143258281 -0.050018948143262132 -0.050018948143257295 -0.05001894814326148 -0.050018948143259981 -0.050018948143256282 -0.050018948143253708
leaf_weight=3.2427572798624165 0.0026508584560361445 0.0011360821954599304 0.01022473975902809 0.0041656347166281861 0.0037869406514801094 1.05466297143721 0.054531945381313451 0.054531945381313451 0.03597593618906092 0.017798621061956399 0.74640600240672927 0.089750493440110435 0.013254292280243996 0.12761989995487977 0.0094673516287002712 0.045821981882909313 0.019313397322548553 0.0079525753681082278 0.0056804109772360606
leaf_count=8563 19 160 34 24 19 2785 144 144 95 47 1971 239 45 337 25 125 51 21 33
internal_value=-0.735014 -275.433 -0.077123 -10.4737 -4.17604 -0.0500189 -0.0500189 -0.0500189 -0.0500189 -0.0500189 -0.0500189 -0.0500189 -0.0500189 -0.0500189 -0.0500189 -0.0500189 -0.0500189 -0.0500189 -0.0500189
internal_weight=5.54749 0.0132543 5.53424 0.0143904 0.0121182 5.51984 4.18874 4.10694 4.05241 4.01643 3.99863 1.33111 1.24136 1.2281 0.755873 0.173442 0.0817979 0.027266 0.00946735
internal_count=14881 231 14650 58 71 14592 11061 10845 10701 10606 10559 3531 3292 3247 1996 462 216 72 52
is_linear=0
shrinkage=0.05


Tree=8
num_leaves=9
num_cat=0
split_feature=19 44 19 34 9 9 18 3
split_gain=590636 4.33936e+06 923.62 2197.66 8.88178e-16 1.11022e-16 2.77556e-17 1.73472e-18
threshold=35.539141249528363 4.7264741863149089 35.08543224455557 0.77169907481991817 0.76665171983724034 0.9821165111257959 19.731387630971533 0.99350000000000016
decision_type=2 2 2 2 2 2 2 2
left_child=2 7 4 -4 -1 -6 -7 -2
right_child=1 -3 3 -5 5 6 -8 -9
leaf_value=-0.050018024702648878 -0.050018024702569455 -3377.5083182658836 -52.099889201517058 -0.050018024702641439 -0.050018024702648878 -0.050018024702636346 -0.050018024702648656 -0.050018024702611866
leaf_weight=4.546120761660859 0.00432277727869914 0.0010806943196710909 0.0028818515129537025 0.0068443973432446249 0.53530391852844594 0.0039625458302907359 0.16534623055487521 0.0036023143958115508
leaf_count=12620 32 182 35 23 1493 11 468 17
internal_value=-0.771154 -405.345 -0.0785326 -15.4722 -0.050018 -0.050018 -0.050018 -0.050018
internal_weight=5.26947 0.00900579 5.26046 0.00972625 5.25073 0.704613 0.169309 0.00792509
internal_count=14881 231 14650 58 14592 1972 479 49
is_linear=0
shrinkage=0.05


Tree=9
num_leaves=8
num_cat=0
split_feature=19 9 24 42 18 3 4
split_gain=705734 4.47694e+06 595.12 1790.76 1.77636e-15 2.22045e-16 1.73472e-18
threshold=35.539141249528363 0.69636977696931246 35.415000000000006 1.1565473013534555 30.280127179921902 0.96650000000000003 924.95000000000016
decision_type=2 2 2 2 2 2 2
left_child=2 -2 4 -4 -1 -6 -5
right_child=1 -3 3 6 5 -7 -8
leaf_value=-0.050017143700647609 -0.05001714370059706 -3550.6134667062124 -39.844626253269986 -0.050017143700635439 -0.050017143700647505 -0.050017143700647498 -0.050017143700639845
leaf_weight=4.2741056500235572 0.0065107037190746111 0.0010280058508590206 0.0037693547783558953 0.0047973606270238162 0.35843137255869795 0.3536340119317174 0.0065107037080883385
leaf_count=12484 40 191 24 39 1047 1032 24
internal_value=-0.808684 -484.218 -0.0800097 -9.99867 -0.0500171 -0.0500171 -0.0500171
internal_weight=5.00879 0.00753871 5.00125 0.0150774 4.98617 0.712065 0.0113081
internal_count=14881 231 14650 87 14563 2079 63
is_linear=0
shrinkage=0.05


Tree=10
num_leaves=9
num_cat=0
split_feature=24 38 59 1 63 63 16 16
split_gain=535752 2.73373e+06 3615.67 1.77636e-15 8.88178e-16 8.88178e-16 2.22045e-16 1.73472e-18
threshold=35.415000000000006 4.5991337315497924 1.0850000000000002 8.6350000000000033 5.4468022450110114 4.6657050543061631 28.508984276348375 24.895758616162968
decision_type=2 2 2 2 2 2 2 2
left_child=3 2 -2 4 5 -1 -5 -4
right_child=1 -3 7 6 -6 -7 -8 -9
leaf_value=-0.050016312556802604 -76.74612795021153 -2239.5764761291612 -0.050016312556788373 -0.050016312556802438 -0.050016312556798594 -0.050016312556800092 -0.050016312556802313 -0.050016312556787158
leaf_weight=3.973799890115163 0.0019557705964102536 0.001629808830343831 0.0039115411928197221 0.56586962589272616 0.030314444246239414 0.030640406012304999 0.14863856532610953 0.0032596176606876628
leaf_count=12222 32 179 16 1748 94 96 456 38
internal_value=-0.848332 -353.317 -16.4849 -0.0500163 -0.0500163 -0.0500163 -0.0500163 -0.0500163
internal_weight=4.76002 0.0107567 0.00912693 4.74926 4.03475 4.00444 0.714508 0.00717116
internal_count=14881 265 86 14616 12412 12318 2204 54
is_linear=0
shrinkage=0.05


Tree=11
num_leaves=19
num_cat=0
split_feature=24 19 0 24 24 24 43 0 0 0 35 3 3 35 3 35 3 43
split_gain=845455 3.81029e+06 8.88178e-16 8.88178e-16 1.77636e-15 8.88178e-16 5.55112e-17 2.77556e-17 2.77556e-17 2.77556e-17 2.77556e-17 6.93889e-18 6.93889e-18 6.93889e-18 3.46945e-18 3.46945e-18 1.73472e-18 1.73472e-18
threshold=35.415000000000006 34.779207115872786 0.36500000000000005 34.375000000000007 32.125000000000007 29.565000000000001 22.291250000000005 0.14500000000000005 0.32500000000000007 0.25500000000000006 29.934513083474489 0.99350000000000016 0.90550000000000008 27.857488388102059 0.88950000000000007 25.674912234403255 0.98150000000000015 21.558750000000007
decision_type=2 2 2 2 2 2 2 2 2 2 2 2 2 2 2 2 2 2
left_child=2 -2 7 4 5 -4 17 14 9 -9 -6 12 -10 15 -1 -5 -14 -7
right_child=1 -3 3 13 10 6 -8 8 11 -11 -12 -13 16 -15 -16 -17 -18 -19
leaf_value=-0.050015515447944719 -0.050015515447971254 -3063.8818119986331 -0.050015515447960956 -0.050015515447955808 -0.050015515447959319 -0.050015515447952665 -0.050015515447960603 -0.050015515447960172 -0.050015515447959569 -0.050015515447960235 -0.050015515447957938 -0.050015515447954212 -0.050015515447954212 -0.050015515447955732 -0.050015515447954732 -0.050015515447946496 -0.050015515447952866 -0.050015515447952852
leaf_weight=0.016433669778053495 0.0055812463397422775 0.0012402769644073676 3.8848575216834411 0.017363877501339102 0.093330841573687873 0.0080618002684788026 0.25301650073578874 0.066354817594401538 0.036898239690344781 0.071936063934117556 0.016743739019148052 0.0074416617862880221 0.007441661786288023 0.009612146473955363 0.0080618002684786916 0.0077517310313752258 0.0062013848219066858 0.0062013848219066867
leaf_count=53 38 227 12529 61 317 26 820 214 119 232 55 24 24 38 26 38 20 20
internal_value=-0.889882 -557.11 -0.0500155 -0.0500155 -0.0500155 -0.0500155 -0.0500155 -0.0500155 -0.0500155 -0.0500155 -0.0500155 -0.0500155 -0.0500155 -0.0500155 -0.0500155 -0.0500155 -0.0500155 -0.0500155
internal_weight=4.52453 0.00682152 4.51771 4.29694 4.26221 4.15214 0.26728 0.220769 0.196274 0.138291 0.110075 0.0579829 0.0505413 0.0347278 0.0244955 0.0251156 0.013643 0.0142632
internal_count=14881 265 14616 13904 13767 13395 866 712 633 446 372 187 163 137 79 99 44 46
is_linear=0
shrinkage=0.05


Tree=12
num_leaves=10
num_cat=0
split_feature=19 10 0 0 1 1 1 3 0
split_gain=513997 4.38038e+06 1.77636e-15 2.77556e-17 1.38778e-17 6.93889e-18 6.93889e-18 6.93889e-18 1.73472e-18
threshold=35.08543224455557 -0.59815875725621337 0.33500000000000008 0.28500000000000009 1.5650000000000002 2.6450000000000005 23.180000000000003 0.88250000000000017 0.8650000000000001
decision_type=2 2 2 2 2 2 2 2 2
left_child=2 8 3 4 -1 7 -6 -5 -2
right_child=1 -3 -4 5 6 -7 -8 -9 -10
leaf_value=-0.050014756596091683 -0.050014756596193137 -3220.9202374824517 -0.050014756596089907 -0.050014756596088318 -0.050014756596088318 -0.050014756596086889 -0.050014756596081844 -0.050014756596081844 -0.050014756596065947
leaf_weight=0.075507543981075176 0.0056040755355411184 0.0011798053747042311 4.1245995899662624 0.031264842429663986 0.031264842429663986 0.016517275245860219 0.0061939782171975813 0.0061939782171975813 0.0044242701589382542
leaf_count=256 36 212 14026 106 106 56 21 21 41
internal_value=-0.933171 -339.089 -0.0500148 -0.0500148 -0.0500148 -0.0500148 -0.0500148 -0.0500148 -0.0500148
internal_weight=4.30275 0.0112082 4.29154 0.166942 0.112966 0.0539761 0.0374588 0.0374588 0.0100283
internal_count=14881 289 14592 566 383 183 127 127 77
is_linear=0
shrinkage=0.05


Tree=13
num_leaves=7
num_cat=0
split_feature=19 9 0 0 0 3
split_gain=604078 4.54117e+06 1.77636e-15 1.38778e-17 6.93889e-18 1.73472e-18
threshold=35.08543224455557 0.69636977696931246 1.9550000000000003 2.2150000000000003 2.1550000000000007 0.99350000000000016
decision_type=2 2 2 2 2 2
left_child=2 5 -1 4 -4 -2
right_child=1 -3 3 -5 -6 -7
leaf_value=-0.050014034799456465 -0.050014034799370735 -3386.0103651113022 -0.050014034799455487 -0.050014034799449283 -0.050014034799451851 -0.050014034799431999
leaf_weight=4.0160836483701363 0.0053308362038869154 0.0011222813045606026 0.048258096096105763 0.0070142581535037598 0.010942242719465867 0.0030862735893475964
leaf_count=14356 44 228 172 25 39 17
internal_value=-0.978692 -398.398 -0.050014 -0.050014 -0.050014 -0.050014
internal_weight=4.09184 0.00953939 4.0823 0.0662146 0.0592003 0.00841711
internal_count=14881 289 14592 236 211 61
is_linear=0
shrinkage=0.05


Tree=14
num_leaves=7
num_cat=0
split_feature=19 10 1 3 2 27
split_gain=719911 4.68907e+06 1.33227e-15 4.44089e-16 1.11022e-16 1.73472e-18
threshold=35.08543224455557 -0.72066714955386113 10.805000000000001 0.51250000000000007 42.95000000000001 89.450000000000017
decision_type=2 2 2 2 2 2
left_child=2 5 3 -1 -4 -2
right_child=1 -3 4 -5 -6 -7
leaf_value=-0.050013352916884073 -0.050013352916954572 -3559.5648689582158 -0.050013352916884184 -0.050013352916884427 -0.050013352916884218 -0.050013352916848525
leaf_weight=1.312566512438935 0.0042702448605872233 0.0010675612138582426 0.2527451173810048 2.10202803008724 0.21591425550286658 0.0026689030380817446
leaf_count=4951 37 232 949 7883 809 20
internal_value=-1.02656 -474.652 -0.0500134 -0.0500134 -0.0500134 -0.0500134
internal_weight=3.89126 0.00800671 3.88325 3.41459 0.468659 0.00693915
internal_count=14881 289 14592 12834 1758 57
is_linear=0
shrinkage=0.05


Tree=15
num_leaves=4
num_cat=0
split_feature=19 9 23
split_gain=873484 4.81275e+06 8.88178e-16
threshold=35.08543224455557 0.6583954877256819 22.685000000000006
decision_type=2 2 2
left_child=2 -2 -1
right_child=1 -3 -4
leaf_value=-0.050012701830714129 -0.050012701830697663 -3742.0175259406856 -0.050012701830714379
leaf_weight=1.5849549653939909 0.0055852970173751884 0.0010155085490593085 2.108957375865451
leaf_count=6243 45 244 8349
internal_value=-1.0769 -575.737 -0.0500127
internal_weight=3.70051 0.00660081 3.69391
internal_count=14881 289 14592
is_linear=0
shrinkage=0.05


Tree=16
num_leaves=7
num_cat=0
split_feature=19 30 23 0 4 0
split_gain=1.08551e+06 3.32832e+06 5261.27 4.44089e-16 1.73472e-18 4.33681e-19
threshold=35.08543224455557 88.750000000000014 27.925000000000004 2.1850000000000005 927.75000000000011 1.0450000000000002
decision_type=2 2 2 2 2 2
left_child=3 -2 5 -1 -5 -3
right_child=1 2 -4 4 -6 -7
leaf_value=-0.050012081487918782 -3022.8454006797074 -0.050012081488053223 -124.27448010605508 -0.050012081487910323 -0.050012081487908838 -0.050012081487877273
leaf_weight=3.5034160896030002 0.0012074915866831515 0.0016904882275739488 0.001207491586683318 0.0053129629814064883 0.0050714646640699357 0.001207491586683318
leaf_count=14549 226 30 19 22 21 14
internal_value=-1.12983 -715.282 -36.5866 -0.0500121 -0.0500121 -0.0500121
internal_weight=3.51911 0.00531296 0.00410547 3.5138 0.0103844 0.00289798
internal_count=14881 289 63 14592 43 44
is_linear=0
shrinkage=0.05


Tree=17
num_leaves=7
num_cat=0
split_feature=19 29 9 0 1 1
split_gain=522093 4.50485e+06 8.88178e-16 2.77556e-17 1.73472e-18 8.67362e-19
threshold=34.779207115872786 30.850000000000005 0.96900085243778578 1.7750000000000001 0.60500000000000009 6.5650000000000004
decision_type=2 2 2 2 2 2
left_child=2 -2 -1 -4 -3 -6
right_child=1 4 3 -5 5 -7
leaf_value=-0.050011490873718693 -3308.3829232170197 -0.050011490873667866 -0.050011490873718256 -0.050011490873714148 -0.050011490873697953 -0.050011490873694477
leaf_weight=3.1954462510475428 0.0011486147559478877 0.0039052901731804592 0.12795568381263489 0.010796978705911897 0.0032161213181331103 0.0027566754157538806
leaf_count=13916 221 43 571 47 47 36
internal_value=-1.18596 -344.668 -0.0500115 -0.0500115 -0.0500115 -0.0500115
internal_weight=3.34523 0.0110267 3.3342 0.138753 0.00987809 0.0059728
internal_count=14881 347 14534 618 126 83
is_linear=0
shrinkage=0.05


Tree=18
num_leaves=9
num_cat=0
split_feature=19 30 45 9 1 1 1 16
split_gain=612886 4.2637e+06 5780.47 1.33227e-15 2.77556e-17 2.77556e-17 1.73472e-18 8.67362e-19
threshold=34.779207115872786 79.550000000000011 2103.1800000000003 0.95992380042979863 7.4750000000000005 0.56500000000000006 6.5650000000000004 22.673119379638997
decision_type=2 2 2 2 2 2 2 2
left_child=3 -2 -3 -1 5 -5 7 -4
right_child=1 2 6 4 -6 -7 -8 -9
leaf_value=-0.050010931169856179 -3340.6806476826187 -114.45516972405505 -0.050010931169826939 -0.050010931169855749 -0.050010931169847075 -0.050010931169853369 -0.050010931169826328 -0.050010931169828743
leaf_weight=3.0208427980542187 0.0010926080722129918 0.0013111296866554767 0.0019666945313895953 0.12805366606335175 0.0054630403610828318 0.017263207540963776 0.0021852161458321738 0.0028407809905662907
leaf_count=13830 230 32 15 596 27 81 30 40
internal_value=-1.2446 -404.459 -18.114 -0.0500109 -0.0500109 -0.0500109 -0.0500109 -0.0500109
internal_weight=3.18102 0.00939643 0.00830382 3.17162 0.15078 0.145317 0.00699269 0.00480748
internal_count=14881 347 117 14534 704 677 85 55
is_linear=0
shrinkage=0.05


Tree=19
num_leaves=10
num_cat=0
split_feature=19 9 19 0 0 9 34 3 0
split_gain=866436 4.68907e+06 8.88178e-16 4.44089e-16 1.11022e-16 5.55112e-17 1.38778e-17 1.73472e-18 8.67362e-19
threshold=34.779207115872786 0.69636977696931246 33.554890777984035 0.60500000000000009 0.44500000000000006 0.93228057993045244 0.95474837790521783 0.99050000000000005 1.0350000000000004
decision_type=2 2 2 2 2 2 2 2 2
left_child=2 8 3 4 -1 -6 -4 -8 -2
right_child=1 -3 6 -5 5 -7 7 -9 -10
leaf_value=-0.050010395907665733 -0.050010395907540174 -3656.2453951666344 -0.05001039590766463 -0.050010395907666684 -0.050010395907666566 -0.050010395907662555 -0.050010395907660356 -0.050010395907656227 -0.050010395907636618
leaf_weight=0.25131042061548292 0.0039494607098128345 0.0010393317643320188 0.032219284694292791 2.3349627417483134 0.37374370245379396 0.012056248466251418 0.0078989214089407872 0.0047809261159272873 0.0016629308229312301
leaf_count=1209 58 267 168 11237 1798 58 41 23 22
internal_value=-1.30678 -571.331 -0.0500104 -0.0500104 -0.0500104 -0.0500104 -0.0500104 -0.0500104 -0.0500104
internal_weight=3.02362 0.00665172 3.01697 2.97207 0.63711 0.3858 0.0448991 0.0126798 0.00561239
internal_count=14881 347 14534 14302 3065 1856 232 64 80
is_linear=0
shrinkage=0.05


Tree=20
num_leaves=7
num_cat=0
split_feature=19 29 0 44 19 44
split_gain=1.0799e+06 3.78667e+06 8.88178e-16 4.44089e-16 1.66533e-16 5.55112e-17
threshold=34.779207115872786 42.45000000000001 1.3250000000000004 5.3565279825101841 32.837798688654125 6.6535666298473526
decision_type=2 2 2 2 2 2
left_child=2 -2 3 -1 -4 -5
right_child=1 -3 4 5 -6 -7
leaf_value=-0.05000988744430717 -3203.0620317784351 -0.050009887444273572 -0.050009887444307094 -0.050009887444306712 -0.050009887444300009 -0.050009887444305734
leaf_weight=2.2151753629441382 0.0011863833085938146 0.0041523415737158712 0.4446960092172958 0.16925735166297196 0.0073160303873093238 0.033416463120374829
leaf_count=11206 301 46 2249 871 39 169
internal_value=-1.37166 -711.83 -0.0500099 -0.0500099 -0.0500099 -0.0500099
internal_weight=2.8752 0.00533872 2.86986 2.41785 0.452012 0.202674
internal_count=14881 347 14534 12246 2288 1040
is_linear=0
shrinkage=0.05


Tree=21
num_leaves=5
num_cat=0
split_feature=19 24 0 0
split_gain=1.46022e+06 3.65582e+06 4.44089e-16 6.93889e-18
threshold=34.779207115872786 32.925000000000004 1.9450000000000001 2.1850000000000005
decision_type=2 2 2 2
left_child=2 -2 -1 -4
right_child=1 -3 3 -5
leaf_value=-0.050009407854475274 -0.050009407854357091 -3367.2522841663153 -0.050009407854474192 -0.050009407854469168
leaf_weight=2.6836522616213356 0.0028213333304502033 0.0011285333312116563 0.038182044372660928 0.0080878222070168704
leaf_count=14288 23 324 203 43
internal_value=-1.43998 -962.108 -0.0500094 -0.0500094
internal_weight=2.73387 0.00394987 2.72992 0.0462699
internal_count=14881 347 14534 246
is_linear=0
shrinkage=0.05


Tree=22
num_leaves=10
num_cat=0
split_feature=24 38 37 24 28 0 28 0 3
split_gain=643440 4.05335e+06 16785.7 8.88178e-16 4.44089e-16 1.38778e-17 1.38778e-17 6.93889e-18 1.73472e-18
threshold=35.055000000000007 4.637643914428522 28.742536939475396 31.100000000000005 26.950000000000003 1.1950000000000001 25.650000000000002 2.0750000000000006 0.33650000000000008
decision_type=2 2 2 2 2 2 2 2 2
left_child=3 2 8 4 6 -5 -1 -7 -2
right_child=1 -3 -4 5 -6 7 -8 -9 -10
leaf_value=-0.050008946652087695 -0.05000894665206973 -3306.9785513392862 -199.6634018476426 -0.05000894665208825 -0.050008946652089575 -0.050008946652088285 -0.050008946652082609 -0.050008946652079611 -0.050008946652066212
leaf_weight=0.07031449183705385 0.0044729320507030648 0.0010735036921687433 0.0012524209741968662 0.065304807942568099 2.4044693531759549 0.03828829835401848 0.0071566912811249486 0.0050096838967874638 0.0021470073843525015
leaf_count=393 44 184 67 453 13439 218 40 28 15
internal_value=-1.51183 -424.827 -31.8067 -0.0500089 -0.0500089 -0.0500089 -0.0500089 -0.0500089 -0.0500089
internal_weight=2.59949 0.00894586 0.00787236 2.59054 2.48194 0.108603 0.0774712 0.043298 0.00661994
internal_count=14881 310 126 14571 13872 699 433 246 59
is_linear=0
shrinkage=0.05


Tree=23
num_leaves=7
num_cat=0
split_feature=19 44 0 17 17 17
split_gain=582800 5.07119e+06 4.44089e-16 5.55112e-17 6.93889e-18 3.46945e-18
threshold=34.404396249561358 4.9202924718559666 0.55500000000000016 17.260276346346654 15.548563166752894 13.719375787442818
decision_type=2 2 2 2 2 2
left_child=2 -2 3 4 5 -1
right_child=1 -3 -4 -5 -6 -7
leaf_value=-0.050008511775653242 -0.050008511775644027 -3721.3192613687047 -0.050008511775663261 -0.05000851177566315 -0.050008511775661284 -0.050008511775659473
leaf_weight=0.0066375202441125705 0.0088500269943401592 0.0010211569606469366 2.0603543609031476 0.35553281512693502 0.025018345535499975 0.013104847661452368
leaf_count=39 170 235 12124 2089 147 77
internal_value=-1.58815 -385.009 -0.0500085 -0.0500085 -0.0500085 -0.0500085
internal_weight=2.47052 0.00987118 2.46065 0.400294 0.0447607 0.0197424
internal_count=14881 405 14476 2352 263 116
is_linear=0
shrinkage=0.05


Tree=24
num_leaves=12
num_cat=0
split_feature=29 38 0 0 2 2 59 59 59 0 2
split_gain=96371.4 2.89375e+06 4117.48 4.44089e-16 2.22045e-16 2.22045e-16 2.22045e-16 2.22045e-16 2.22045e-16 6.93889e-18 6.93889e-18
threshold=28.150000000000002 4.4361560449227433 1.0350000000000004 0.83500000000000008 897.70000000000016 718.55000000000007 1.8250000000000004 1.7050000000000003 1.6050000000000002 2.2050000000000005 870.45000000000016
decision_type=2 2 2 2 2 2 2 2 2 2 2
left_child=1 2 -1 4 5 6 7 8 -2 -4 -7
right_child=3 -3 9 -5 -6 10 -8 -9 -10 -11 -12
leaf_value=-71.321828996700788 -0.050008098692227748 -2049.6547969537023 -0.050008098692226527 -0.050008098692227443 -0.050008098692212594 -0.050008098692226527 -0.050008098692216778 -0.050008098692211171 -0.050008098692216063 -0.050008098692210345 -0.050008098692215619
leaf_weight=0.0021046186011520742 1.005036328919231 0.0017808311240514732 0.051644102597492747 1.2069178208933324 0.0037235559866531922 0.057310383446747548 0.0051805996336043983 0.0033997685095529242 0.0048568121565041302 0.0029140872939024112 0.0042092372023034832
leaf_count=33 6255 194 353 7542 23 354 32 21 30 18 26
internal_value=-1.66766 -65.0699 -2.69725 -0.0500081 -0.0500081 -0.0500081 -0.0500081 -0.0500081 -0.0500081 -0.0500081 -0.0500081
internal_weight=2.34908 0.0584436 0.0566628 2.29063 1.08372 1.07999 1.01847 1.01329 1.00989 0.0545582 0.0615196
internal_count=14881 598 404 14283 6741 6718 6338 6306 6285 371 380
is_linear=0
shrinkage=0.05


Tree=25
num_leaves=4
num_cat=0
split_feature=24 19 0
split_gain=1.06903e+06 4.28648e+06 4.44089e-16
threshold=35.055000000000007 33.817029155767266 2.0350000000000006
decision_type=2 2 2
left_child=2 -2 -1
right_child=1 -3 -4
leaf_value=-0.050007705937275972 -0.050007705937265549 -3525.1131835885226 -0.05000770593727414
leaf_weight=2.1994175217425256 0.0043119794572702421 0.0010779948643175885 0.026025876009953097
leaf_count=14402 35 275 169
internal_value=-1.75341 -705.063 -0.0500077
internal_weight=2.23083 0.00538997 2.22544
internal_count=14881 310 14571
is_linear=0
shrinkage=0.05


Tree=26
num_leaves=8
num_cat=0
split_feature=24 21 1 0 37 24 3
split_gain=1.40547e+06 4.22458e+06 8.88178e-16 2.22045e-16 4.44089e-16 2.22045e-16 6.93889e-18
threshold=35.055000000000007 22.115000000000006 3.1250000000000004 2.2050000000000005 28.938539012847269 29.735000000000003 0.38450000000000006
decision_type=2 2 2 2 2 2 2
left_child=2 -2 3 4 -1 -4 -7
right_child=1 -3 5 -5 -6 6 -8
leaf_value=-0.050007326137592359 -0.05000732613757828 -3705.8198845039597 -0.050007326137592595 -0.050007326137578682 -0.050007326137591748 -0.05000732613755008 -0.05000732613759077
leaf_weight=1.432229863596149 0.0030762838432564213 0.0010254279477521777 0.56618271686602406 0.0039552220841870813 0.080569338751956932 0.0011719176545738749 0.032813694329954998
leaf_count=9814 31 279 3865 27 587 9 269
internal_value=-1.84159 -926.492 -0.0500073 -0.0500073 -0.0500073 -0.0500073 -0.0500073
internal_weight=2.12102 0.00410171 2.11692 1.51675 1.5128 0.600168 0.0339856
internal_count=14881 310 14571 10428 10401 4143 278
is_linear=0
shrinkage=0.05


Tree=27
num_leaves=5
num_cat=0
split_feature=24 10 1 2
split_gain=1.97098e+06 3.20749e+06 4.44089e-16 8.67362e-19
threshold=35.055000000000007 0.090251610031040944 68.470000000000013 33.95000000000001
decision_type=2 2 2 2
left_child=2 -2 -1 -4
right_child=1 -3 3 -5
leaf_value=-0.050006970694053354 -3408.8239803701072 -0.050006970694025869 -0.050006970694041669 -0.050006970694035528
leaf_weight=2.0071439330949694 0.0011147703044115378 0.0018115017446689308 0.0037623497773892059 0.0027869257610291243
leaf_count=14523 284 26 28 20
internal_value=-1.93435 -1298.63 -0.050007 -0.050007
internal_weight=2.01662 0.00292627 2.01369 0.00654928
internal_count=14881 310 14571 48
is_linear=0
shrinkage=0.05


Tree=28
num_leaves=9
num_cat=0
split_feature=24 21 1 23 45 23 0 0
split_gain=1.24201e+06 4.20194e+06 4.44089e-16 2.22045e-16 2.22045e-16 1.11022e-16 5.55112e-17 4.33681e-19
threshold=34.675000000000004 22.315000000000001 6.1550000000000011 24.745000000000001 2296.4020000000005 38.555000000000007 1.9550000000000003 1.8650000000000004
decision_type=2 2 2 2 2 2 2 2
left_child=2 7 3 4 -1 -5 -4 -2
right_child=1 -3 6 5 -6 -7 -8 -9
leaf_value=-0.050006630916075295 -0.050006630916049156 -3583.571768448764 -0.05000663091607517 -0.050006630916075212 -0.050006630916055388 -0.050006630916064859 -0.050006630916056484 -0.050006630916041031
leaf_weight=1.0047378638410001 0.0021208187099547296 0.0010604093549773097 0.3718060300897722 0.52583048890022643 0.0027835745568155481 0.0047718420973978928 0.0026510233874432734 0.0014580628630938008
leaf_count=7589 32 308 2833 4027 21 36 20 15
internal_value=-2.03204 -819.141 -0.0500066 -0.0500066 -0.0500066 -0.0500066 -0.0500066 -0.0500066
internal_weight=1.91722 0.00463929 1.91258 1.53812 1.00752 0.530602 0.374457 0.00357888
internal_count=14881 355 14526 11673 7610 4063 2853 47
is_linear=0
shrinkage=0.05


Tree=29
num_leaves=4
num_cat=0
split_feature=24 21 3
split_gain=1.69348e+06 4.02954e+06 2.22045e-16
threshold=34.675000000000004 21.225000000000005 0.63350000000000006
decision_type=2 2 2
left_child=2 -2 -1
right_child=1 -3 -4
leaf_value=-0.050006307231052607 -0.050006307231029695 -3767.2790705781622 -0.050006307231052809
leaf_weight=0.70722405103151675 0.0023956600052771329 0.0010086989495903254 1.1120905919249562
leaf_count=5635 31 324 8891
internal_value=-2.1348 -1116.27 -0.0500063
internal_weight=1.82272 0.00340436 1.81931
internal_count=14881 355 14526
is_linear=0
shrinkage=0.05


Tree=30
num_leaves=12
num_cat=0
split_feature=24 25 0 0 4 43 43 0 43 0 3
split_gain=1.06684e+06 4.2807e+06 4.44089e-16 2.22045e-16 2.22045e-16 2.22045e-16 2.22045e-16 5.55112e-17 1.38778e-17 1.73472e-18 1.73472e-18
threshold=34.375000000000007 22.085000000000004 2.2050000000000005 1.2950000000000002 934.35000000000002 27.825416666666673 26.141458333333336 2.0450000000000004 30.451875000000005 2.1550000000000007 0.28250000000000003
decision_type=2 2 2 2 2 2 2 2 2 2 2
left_child=2 -2 3 4 5 6 -1 -5 -7 10 -9
right_child=1 -3 -4 7 -6 8 -8 9 -10 -11 -12
leaf_value=-0.05000599966489197 -0.050005999664879466 -3520.3658392057464 -0.050005999664876899 -0.050005999664892137 -0.050005999664880757 -0.050005999664891367 -0.050005999664891915 -0.050005999664886204 -0.050005999664889625 -0.050005999664879286 -0.050005999664877426
leaf_weight=1.2068235355254717 0.0043177944025957196 0.0010794486006489024 0.003598162002163118 0.27777810656698432 0.004797549336217454 0.067405568175397224 0.13325193281343684 0.0081558338715694845 0.018470564944436774 0.0038380394689738759 0.0033582845353521415
leaf_count=10068 79 323 30 2319 40 604 1132 68 158 32 28
internal_value=-2.24289 -704.113 -0.050006 -0.050006 -0.050006 -0.050006 -0.050006 -0.050006 -0.050006 -0.050006 -0.050006
internal_weight=1.73287 0.00539724 1.72748 1.72388 1.43075 1.42595 1.34008 0.29313 0.0858761 0.0153522 0.0115141
internal_count=14881 402 14479 14449 12002 11962 11200 2447 762 128 96
is_linear=0
shrinkage=0.05


Tree=31
num_leaves=9
num_cat=0
split_feature=19 9 0 0 9 9 4 4
split_gain=1.02969e+06 4.59199e+06 2.22045e-16 2.22045e-16 2.22045e-16 2.22045e-16 3.46945e-18 3.46945e-18
threshold=34.404396249561358 0.73248728852523659 2.2150000000000003 1.9850000000000001 0.99965739133362419 0.95992380042979863 924.55000000000007 926.55000000000007
decision_type=2 2 2 2 2 2 2 2
left_child=2 -2 3 4 5 -1 -5 -8
right_child=1 -3 -4 6 -6 -7 7 -9
leaf_value=-0.050005707763649557 -0.050005707763586441 -3700.8351551391156 -0.050005707763629642 -0.050005707763637774 -0.050005707763640252 -0.050005707763648245 -0.050005707763637865 -0.05000570776364463
leaf_weight=1.5466027378861316 0.004563596159291027 0.0010268091355101205 0.0028522475986393339 0.004905865869659575 0.0062749447170064023 0.065487604864756688 0.0044495062538771881 0.011180810586665757
leaf_count=13588 122 283 25 43 65 615 41 99
internal_value=-2.35675 -679.786 -0.0500057 -0.0500057 -0.0500057 -0.0500057 -0.0500057 -0.0500057
internal_weight=1.64734 0.00559041 1.64175 1.6389 1.61837 1.61209 0.0205362 0.0156303
internal_count=14881 405 14476 14451 14268 14203 183 140
is_linear=0
shrinkage=0.05


Tree=32
num_leaves=8
num_cat=0
split_feature=19 10 0 0 0 21 21
split_gain=1.32687e+06 3.99166e+06 2.22045e-16 2.22045e-16 2.22045e-16 2.22045e-16 2.22045e-16
threshold=34.404396249561358 -0.8140159405215136 2.1950000000000007 2.1550000000000007 2.1250000000000004 38.555000000000007 34.675000000000004
decision_type=2 2 2 2 2 2 2
left_child=2 -2 3 4 5 6 -1
right_child=1 -3 -4 -5 -6 -7 -8
leaf_value=-0.050005427154248376 -0.050005427154169974 -3501.5066093329333 -0.050005427154234165 -0.050005427154230099 -0.050005427154227913 -0.050005427154236198 -0.050005427154246745
leaf_weight=1.5135072626871977 0.0032557878890071123 0.0010852626292034298 0.0039069454651327043 0.0030387353617699056 0.0027131565730088561 0.0045581030426548033 0.03396872029406961
leaf_count=14032 70 335 36 28 25 42 313
internal_value=-2.47652 -875.414 -0.0500054 -0.0500054 -0.0500054 -0.0500054 -0.0500054
internal_weight=1.56603 0.00434105 1.56169 1.55779 1.55475 1.55203 1.54748
internal_count=14881 405 14476 14440 14412 14387 14345
is_linear=0
shrinkage=0.05


Tree=33
num_leaves=9
num_cat=0
split_feature=19 10 2 2 2 2 55 4
split_gain=1.86114e+06 3.73004e+06 2.22045e-16 2.22045e-16 2.22045e-16 2.22045e-16 2.22045e-16 8.67362e-19
threshold=34.404396249561358 -0.8520459593969173 936.30000000000007 897.70000000000016 882.40000000000009 857.90000000000009 934.25000000000011 927.05000000000007
decision_type=2 2 2 2 2 2 2 2
left_child=2 -2 3 4 5 6 -1 -7
right_child=1 -3 -4 -5 -6 7 -8 -9
leaf_value=-0.050005162682649734 -0.050005162682712524 -3681.011179371626 -0.050005162682629806 -0.050005162682639763 -0.050005162682629806 -0.050005162682634788 -0.050005162682640297 -0.050005162682625504
leaf_weight=1.4627212137565935 0.0020646781201597592 0.0010323390604121104 0.0027873154613190501 0.00557463092263799 0.0027873154613190501 0.0037164206150920301 0.0058843326405623167 0.0020646781194955111
leaf_count=14255 44 361 27 54 27 36 57 20
internal_value=-2.60268 -1227.04 -0.0500052 -0.0500052 -0.0500052 -0.0500052 -0.0500052 -0.0500052
internal_weight=1.48863 0.00309702 1.48554 1.48275 1.47717 1.47439 1.46861 0.0057811
internal_count=14881 405 14476 14449 14395 14368 14312 56
is_linear=0
shrinkage=0.05


Tree=34
num_leaves=5
num_cat=0
split_feature=19 1 2 2
split_gain=2.93687e+06 4.44089e-16 2.77556e-17 8.67362e-19
threshold=34.404396249561358 12.275 625.35000000000014 706.30000000000007
decision_type=2 2 2 2
left_child=1 -1 -3 -4
right_child=-2 2 3 -5
leaf_value=-0.050004912402163142 -1934.8845192918759 -0.050004912402162795 -0.050004912402153205 -0.050004912402140028
leaf_weight=1.2606866277637889 0.0019639922545090496 0.14523722717422072 0.0050081802473869166 0.0021603914792649448
leaf_count=12924 405 1479 51 22
internal_value=-2.73541 -0.0500049 -0.0500049 -0.0500049
internal_weight=1.41506 1.41309 0.152406 0.00716857
internal_count=14881 14476 1552 73
is_linear=0
shrinkage=0.05


Tree=35
num_leaves=12
num_cat=0
split_feature=24 18 2 2 21 21 21 2 2 2 47
split_gain=1.71332e+06 3.90369e+06 2.22045e-16 2.22045e-16 2.22045e-16 2.22045e-16 1.38778e-17 3.46945e-18 1.73472e-18 8.67362e-19 8.67362e-19
threshold=34.375000000000007 25.754023848000021 897.70000000000016 825.30000000000007 38.555000000000007 32.655000000000008 34.675000000000004 870.45000000000016 857.90000000000009 936.30000000000007 666.75000000000011
decision_type=2 2 2 2 2 2 2 2 2 2 2
left_child=2 -2 3 4 5 -1 -7 8 -5 -4 -6
right_child=1 -3 9 7 10 6 -8 -9 -10 -11 -12
leaf_value=-0.050004673522516488 -0.050004673522492715 -3698.279347148783 -0.050004673522505483 -0.050004673522509417 -0.050004673522489475 -0.050004673522514267 -0.050004673522514413 -0.050004673522506753 -0.05000467352249735 -0.050004673522496657 -0.050004673522489718
leaf_weight=1.2646887625887746 0.0023352698917734607 0.0010275187523802742 0.0050441829662305473 0.0078465068363585688 0.0020550375047606586 0.025034093239810429 0.024006574487430044 0.005137593761901372 0.0026155022787861535 0.0025220914831152186 0.0018682159134186804
leaf_count=13664 33 369 54 84 22 268 257 55 28 27 20
internal_value=-2.877 -1130.06 -0.0500047 -0.0500047 -0.0500047 -0.0500047 -0.0500047 -0.0500047 -0.0500047 -0.0500047 -0.0500047
internal_weight=1.34418 0.00336279 1.34082 1.33325 1.31765 1.31373 0.0490407 0.0155996 0.010462 0.00756627 0.00392325
internal_count=14881 402 14479 14398 14231 14189 525 167 112 81 42
is_linear=0
shrinkage=0.05


Tree=36
num_leaves=7
num_cat=0
split_feature=24 23 4 0 24 4
split_gain=2.59566e+06 2.81686e+06 4.44089e-16 4.44089e-16 2.22045e-16 1.38778e-17
threshold=34.375000000000007 23.145000000000003 934.6500000000002 1.5350000000000004 33.755000000000003 922.85000000000002
decision_type=2 2 2 2 2 2
left_child=2 -2 3 4 -1 -5
right_child=1 -3 -4 5 -6 -7
leaf_value=-0.050004442276849893 -0.050004442276801842 -3563.8889428038237 -0.050004442276830374 -0.050004442276847964 -0.050004442276834288 -0.050004442276849165
leaf_weight=1.1726259441784341 0.0011551214120119049 0.0010662659187801182 0.0028433757834137588 0.028700324313831627 0.0035542197292671709 0.067707885842537507
leaf_count=13279 14 388 32 323 81 764
internal_value=-3.02421 -1710.69 -0.0500044 -0.0500044 -0.0500044 -0.0500044
internal_weight=1.27765 0.00222139 1.27543 1.27259 1.17618 0.0964082
internal_count=14881 402 14479 14447 13360 1087
is_linear=0
shrinkage=0.05


Tree=37
num_leaves=7
num_cat=0
split_feature=24 21 0 0 0 4
split_gain=1.74747e+06 3.94252e+06 2.22045e-16 2.22045e-16 1.73472e-18 1.73472e-18
threshold=34.055000000000007 22.315000000000001 2.2150000000000003 2.0350000000000006 2.1750000000000003 928.45000000000016
decision_type=2 2 2 2 2 2
left_child=2 -2 3 -1 5 -5
right_child=1 -3 -4 4 -6 -7
leaf_value=-0.050004226688585743 -0.050004226688561443 -3746.5949674635726 -0.050004226688558397 -0.050004226688578783 -0.050004226688561096 -0.050004226688561096
leaf_weight=1.1970050746313057 0.0022821025995655156 0.0010142678220290691 0.0020285356440582483 0.0079450979392278187 0.002028535644058139 0.002028535644058139
leaf_count=14265 80 370 24 94 24 24
internal_value=-3.1793 -1152.83 -0.0500042 -0.0500042 -0.0500042 -0.0500042
internal_weight=1.21433 0.00329637 1.21104 1.20901 0.0120022 0.00997363
internal_count=14881 450 14431 14407 142 118
is_linear=0
shrinkage=0.05


Tree=38
num_leaves=8
num_cat=0
split_feature=19 56 16 0 0 0 0
split_gain=4.03936e+09 9.06393e+09 1.1809e+06 2.22045e-16 2.22045e-16 2.22045e-16 2.22045e-16
threshold=34.10261939838017 923.55000000000007 23.64170682355952 2.2150000000000003 2.1750000000000003 2.1450000000000005 2.1150000000000007
decision_type=2 2 2 2 2 2 2
left_child=3 2 -2 4 5 6 -1
right_child=1 -3 -4 -5 -6 -7 -8
leaf_value=-0.050004022569101317 -0.050004022569055284 177106.23828372962 -2296.2487582428689 -0.050004022569073693 -0.050004022569073693 -0.050004022569066789 -0.050004022569071299
leaf_weight=1.1433746228576627 0.0012060065637343733 0.0010452056885696948 0.0010452056885696948 0.0020100109395572155 0.0020100109395572155 0.0016080087516457944 0.001849210064392647
leaf_count=14325 66 163 234 25 25 20 23
internal_value=158.259 55427.5 -1066.14 -0.050004 -0.050004 -0.050004 -0.050004
internal_weight=1.15415 0.00329642 0.00225121 1.15085 1.14884 1.14683 1.14522
internal_count=14881 463 300 14418 14393 14368 14348
is_linear=0
shrinkage=0.05


Tree=39
num_leaves=14
num_cat=0
split_feature=24 19 19 0 0 0 0 0 0 0 57 0 0
split_gain=1.26732e+07 421150 1.04263e+06 2.22045e-16 2.22045e-16 2.22045e-16 2.22045e-16 2.22045e-16 2.22045e-16 2.22045e-16 2.22045e-16 1.73472e-18 8.67362e-19
threshold=34.055000000000007 33.817029155767266 34.10261939838017 2.1950000000000007 2.1650000000000005 2.1350000000000002 2.0350000000000006 1.9650000000000001 1.8950000000000002 1.7850000000000004 934.35000000000002 1.8650000000000004 2.1050000000000004
decision_type=2 2 2 2 2 2 2 2 2 2 2 2 2
left_child=1 3 -3 4 5 6 7 8 9 10 -1 -11 -8
right_child=-2 2 -4 -5 -6 -7 12 -9 -10 11 -12 -13 -14
leaf_value=-0.05000382446650125 -3922.6669703354428 -0.050003824466481578 -1787.0199552344254 -0.050003824466480454 -0.050003824466466631 -0.050003824466466631 -0.050003824466490022 -0.050003824466486074 -0.050003824466490522 -0.050003824466495095 -0.050003824466486074 -0.050003824466480086 -0.050003824466473945
leaf_weight=1.0531234722293425 0.0020649479847635313 0.0028297435346759095 0.0011471933248685673 0.0026767844246934338 0.0016060706548161044 0.0016060706548161044 0.0049711710744305684 0.0036710186395795255 0.0052006097394042819 0.0091010670439574115 0.0036710186395795255 0.0023708662047283733 0.0018355093197897077
leaf_count=13781 450 37 133 35 21 21 65 48 68 119 48 31 24
internal_value=-9.312 -1.92419 -515.522 -0.0500038 -0.0500038 -0.0500038 -0.0500038 -0.0500038 -0.0500038 -0.0500038 -0.0500038 -0.0500038 -0.0500038
internal_weight=1.09588 1.09381 0.00397694 1.08983 1.08716 1.08555 1.08394 1.07714 1.07347 1.06827 1.05679 0.0114719 0.00680668
internal_count=14881 14431 170 14261 14226 14205 14184 14095 14047 13979 13829 150 89
is_linear=0
shrinkage=0.05


Tree=40
num_leaves=6
num_cat=0
split_feature=19 43 0 23 0
split_gain=1.51197e+07 2.04205e+07 2.22045e-16 4.44089e-16 1.73472e-18
threshold=33.817029155767266 26.834583333333338 2.1950000000000007 35.805000000000007 1.4650000000000001
decision_type=2 2 2 2 2
left_child=2 -2 3 -1 -5
right_child=1 -3 -4 4 -6
leaf_value=-0.050003635484973677 -156.25146985642505 -9026.4120649875313 -0.050003635484951896 -0.050003635484968806 -0.050003635484948218
leaf_weight=1.0208261760417365 0.0016004971403164028 0.0010912480502156541 0.002546245450503303 0.011348979722242913 0.0019642464903881782
leaf_count=14139 50 471 36 158 27
internal_value=-9.76736 -3752.26 -0.0500036 -0.0500036 -0.0500036
internal_weight=1.03938 0.00269175 1.03669 1.03414 0.0133132
internal_count=14881 521 14360 14324 185
is_linear=0
shrinkage=0.05


Tree=41
num_leaves=7
num_cat=0
split_feature=24 19 56 1 0 0
split_gain=1.89426e+07 307621 503517 1926.73 1.11022e-16 5.55112e-17
threshold=33.755000000000003 33.554890777984035 923.95000000000016 0.54500000000000015 1.1250000000000002 1.925
decision_type=2 2 2 2 2 2
left_child=1 4 3 -3 -1 -6
right_child=-2 2 -4 -5 5 -7
leaf_value=-0.050003459131465644 -5583.1737570330979 -96.386256461946815 -1396.9256719999535 -0.050003459131417544 -0.050003459131465512 -0.050003459131462827
leaf_weight=0.71368079191597644 0.0015224452072288832 0.0010380308231106019 0.0010380308231106028 0.0010380308231106028 0.25051143864402547 0.017300513718510047
leaf_count=10319 495 64 69 62 3622 250
internal_value=-10.2414 -1.62424 -497.787 -48.2181 -0.0500035 -0.0500035
internal_weight=0.986129 0.984607 0.00311409 0.00207606 0.981493 0.267812
internal_count=14881 14386 195 126 14191 3872
is_linear=0
shrinkage=0.05


Tree=42
num_leaves=7
num_cat=0
split_feature=24 19 56 1 0 10
split_gain=1.75843e+07 142828 359154 611.871 1.11022e-16 1.11022e-16
threshold=33.435000000000009 33.358379469076972 923.75000000000011 0.56500000000000006 2.1750000000000003 0.055916990100603255
decision_type=2 2 2 2 2 2
left_child=1 4 3 -3 5 -1
right_child=-2 2 -4 -5 -6 -7
leaf_value=-0.050003293826573085 -4979.4132678352125 -47.522746282020542 -1091.9230920222878 -0.050003293826546981 -0.050003293826557028 -0.050003293826573064
leaf_weight=0.50213024357799441 0.0017773356812540433 0.0010532359592616549 0.0010532359592616558 0.0019089901761617512 0.0030938806303311131 0.4235983373655472
leaf_count=7629 541 73 79 71 47 6441
internal_value=-10.8031 -1.3364 -298.895 -16.9292 -0.0500033 -0.0500033
internal_weight=0.934615 0.932838 0.00401546 0.00296223 0.928822 0.925729
internal_count=14881 14340 223 144 14117 14070
is_linear=0
shrinkage=0.05


Tree=43
num_leaves=3
num_cat=0
split_feature=19 0
split_gain=2.22029e+07 1.11022e-16
threshold=33.358379469076972 2.2150000000000003
decision_type=2 2
left_child=1 -1
right_child=-2 -3
leaf_value=-0.050003131530315485 -5534.5163914589839 -0.05000313153028229
leaf_weight=0.88202316965907812 0.0018158932216465465 0.0015028081834316245
leaf_count=14219 637 25
internal_value=-11.4016 -0.0500031
internal_weight=0.885342 0.883526
internal_count=14881 14244
is_linear=0
shrinkage=0.05


Tree=44
num_leaves=13
num_cat=0
split_feature=24 24 58 24 38 24 42 1 1 6 3 3
split_gain=2.38938e+07 33315.6 65180.3 3591.77 12171.3 381.141 3564.37 2.22045e-16 3.46945e-18 3.46945e-18 4.33681e-19 4.33681e-19
threshold=33.215000000000011 32.655000000000008 1.2750000000000001 31.915000000000003 5.2108962626845612 30.935000000000006 0.64730337653973413 26.805000000000003 44.125000000000007 0.91597561503675351 0.55550000000000022 0.041500000000000009
decision_type=2 2 2 2 2 2 2 2 2 2 2 2
left_child=1 3 -3 5 10 7 -7 -1 -9 -8 11 -5
right_child=-2 2 -4 4 -6 6 9 8 -10 -11 -12 -13
leaf_value=-0.050002977528182474 -6470.7547985320525 -493.83987608806513 -0.050002977528157092 -0.050002977528133187 -197.56595222174278 -98.807977599635365 -0.050002977528176541 -0.050002977528180094 -0.050002977528176541 -0.050002977528133111 -0.050002977528140563 -0.050002977528140563
leaf_weight=0.79248998556067818 0.0014295197033789 0.0010125764565600539 0.0019655895921459887 0.0010125764565600539 0.0010125764565600548 0.0010125764565600557 0.0083388649363769218 0.020430219094123458 0.0083388649363769218 0.0010125764565600557 0.0011912664194824174 0.0011912664194824174
leaf_count=13340 588 58 34 19 66 33 181 345 140 20 33 24
internal_value=-12.008 -1.00351 -167.939 -0.408841 -45.4253 -0.17025 -9.69877 -0.050003 -0.050003 -0.050003 -0.050003 -0.050003
internal_weight=0.840438 0.839009 0.00297817 0.836031 0.00440769 0.831623 0.010364 0.821259 0.0287691 0.00935144 0.00339511 0.00220384
internal_count=14881 14293 92 14201 142 14059 234 13825 485 201 76 43
is_linear=0
shrinkage=0.05


Tree=45
num_leaves=5
num_cat=0
split_feature=24 19 10 0
split_gain=3.31315e+07 68509 72506.4 1.11022e-16
threshold=32.925000000000004 33.190829614636932 -0.84291031405530259 1.5350000000000004
decision_type=2 2 2 2
left_child=1 3 -3 -1
right_child=-2 2 -4 -5
leaf_value=-0.050002831609390397 -8778.398076512949 -0.050002831609344017 -588.36962681727721 -0.05000283160938962
leaf_weight=0.73276495024765609 0.0010765123370219945 0.0010765123370219953 0.0010198537929682052 0.059264837080263533
leaf_count=12968 634 131 96 1052
internal_value=-12.6883 -0.80555 -286.26 -0.0500028
internal_weight=0.795203 0.794126 0.00209637 0.79203
internal_count=14881 14247 227 14020
is_linear=0
shrinkage=0.05


Tree=46
num_leaves=6
num_cat=0
split_feature=19 0 0 3 4
split_gain=3.94001e+07 1.11022e-16 8.67362e-19 8.67362e-19 4.33681e-19
threshold=33.190829614636932 2.0650000000000004 2.1350000000000002 0.077500000000000013 927.35000000000002
decision_type=2 2 2 2 2
left_child=1 -1 4 -4 -3
right_child=-2 2 3 -5 -6
leaf_value=-0.050002693278144696 -9814.3788846908337 -0.050002693278119709 -0.050002693278127258 -0.050002693278098365 -0.050002693278107649
leaf_weight=0.74612818221794441 0.0010240129631711161 0.0019941305072279638 0.0028564572130562738 0.0010779083822853863 0.0013473854778567329
leaf_count=14041 695 41 56 23 25
internal_value=-13.3714 -0.0500027 -0.0500027 -0.0500027 -0.0500027
internal_weight=0.754428 0.753404 0.00727588 0.00393437 0.00334152
internal_count=14881 14186 145 79 66
is_linear=0
shrinkage=0.05


Tree=47
num_leaves=8
num_cat=0
split_feature=24 24 24 32 0 0 0
split_gain=2.33603e+07 4715.28 543.847 3351.69 1.11022e-16 8.67362e-19 8.67362e-19
threshold=32.410000000000004 31.915000000000003 30.935000000000006 -1.0699999999999983 2.1950000000000007 1.9750000000000003 1.3450000000000004
decision_type=2 2 2 2 2 2 2
left_child=1 2 4 5 -1 6 -4
right_child=-2 -3 3 -5 -6 -7 -8
leaf_value=-0.050002561704979936 -5973.6734534698744 -79.127202132475986 -0.050002561704967655 -97.578548698945525 -0.050002561704935715 -0.050002561704931239 -0.050002561704937602
leaf_weight=0.70471674932196038 0.0016405453206971279 0.0018968805270560543 0.0040500962604710367 0.0010253408254357046 0.0011278749079792752 0.0010253408254357055 0.0011791419492510613
leaf_count=13803 727 95 120 70 22 20 24
internal_value=-14.0734 -0.399642 -0.190231 -13.7864 -0.0500026 -0.0500026 -0.0500026
internal_weight=0.716662 0.715021 0.713125 0.00727992 0.705845 0.00625458 0.00522924
internal_count=14881 14154 14059 234 13825 164 144
is_linear=0
shrinkage=0.05


Tree=48
num_leaves=9
num_cat=0
split_feature=24 19 3 10 10 10 17 17
split_gain=3.68516e+07 2479.63 1.11022e-16 2.77556e-17 3.46945e-18 1.73472e-18 1.73472e-18 1.73472e-18
threshold=31.725000000000005 33.013433736099785 0.99450000000000005 0.16704543776228128 0.90515966073569365 0.72660752476856549 24.935902707127784 20.616967894587493
decision_type=2 2 2 2 2 2 2 2
left_child=1 2 -1 -4 5 6 7 -5
right_child=-2 -3 3 4 -6 -7 -8 -9
leaf_value=-0.050002435671782058 -9274.2362710108246 -62.188603900181171 -0.050002435671781753 -0.050002435671774495 -0.05000243567174794 -0.050002435671754414 -0.050002435671737538 -0.050002435671751083
leaf_weight=0.53531356644089101 0.0010728704073699183 0.0016093056110548778 0.12684254225314362 0.0065347561176167801 0.0014630051009589815 0.0018043729578494103 0.0011216372440685527 0.0016093056110548787
leaf_count=10995 869 153 2607 134 30 37 23 33
internal_value=-14.8868 -0.197866 -0.0500024 -0.0500024 -0.0500024 -0.0500024 -0.0500024 -0.0500024
internal_weight=0.677371 0.676298 0.674689 0.139376 0.0125331 0.0110701 0.0092657 0.00814406
internal_count=14881 14012 13859 2864 257 227 190 167
is_linear=0
shrinkage=0.05


Tree=49
num_leaves=2
num_cat=0
split_feature=19
split_gain=2.42626e+07
threshold=32.837798688654125
decision_type=2
left_child=-1
right_child=-2
leaf_value=-0.050002321352149909 -6501.931791223964
leaf_weight=0.6403476180130383 0.0014380452157638493
leaf_count=14070 811
internal_value=-14.6187
internal_weight=0.641786
internal_count=14881
is_linear=0
shrinkage=0.05


Tree=50
num_leaves=21
num_cat=0
split_feature=29 10 29 45 29 45 29 61 38 43 25 2 2 2 2 2 3 2 3 3
split_gain=1.55895e+06 7.86261e+06 359849 3.0296e+06 14444.8 126916 2244.95 17214.5 874.226 134.876 3799.4 1.11022e-16 3.46945e-18 3.46945e-18 1.73472e-18 1.73472e-18 1.73472e-18 8.67362e-19 8.67362e-19 8.67362e-19
threshold=28.150000000000002 0.39752808894539271 41.250000000000007 1564.4505000000004 46.95000000000001 1913.9800000000002 50.95000000000001 1.3650000000000004 4.7411875389694647 27.640000000000004 24.325000000000003 857.90000000000009 639.30000000000007 574.05000000000007 750.50000000000011 603.35000000000002 0.068500000000000019 445.05000000000001 0.03450000000000001 0.061500000000000006
decision_type=2 2 2 2 2 2 2 2 2 2 2 2 2 2 2 2 2 2 2 2
left_child=1 -1 3 8 5 14 7 15 16 11 -11 -8 13 -12 17 -6 18 -4 -2 -3
right_child=2 19 4 -5 6 -7 9 -9 -10 10 12 -13 -14 -15 -16 -17 -18 -19 -20 -21
leaf_value=-4828.0933408135252 -0.050002209519671881 -0.050002209519669841 -0.050002209519674927 -2832.8305325130018 -0.050002209519676211 -591.23898244674376 -0.050002209519682483 -195.41417671323993 -49.315750562621645 -98.581498915723841 -0.050002209519679722 -0.050002209519670784 -0.05000220951967646 -0.050002209519650224 -0.050002209519633301 -0.050002209519651925 -0.050002209519659918 -0.050002209519635354 -0.050002209519637242 -0.050002209519635354
leaf_weight=0.0010149038971576365 0.0046773831782047637 0.0039272368194360752 0.0065306859469274059 0.0010590301535557964 0.0078544736388721503 0.0010149038971576383 0.54023775708265021 0.0012796614355465872 0.0010149038971576383 0.0010149038971576365 0.017473997533670627 0.0042361206142231813 0.0081633574336592574 0.0015444189739355343 0.0010149038971576374 0.0016326714867318523 0.0022063128199079074 0.0010590301535557956 0.0011031564099539537 0.0010590301535557956
leaf_count=413 109 135 164 193 225 125 12378 62 58 44 406 96 185 35 23 37 86 24 33 50
internal_value=-14.6613 -816.557 -6.68221 -303.207 -1.65187 -62.4232 -0.649895 -23.2695 -5.60447 -0.224623 -3.59652 -0.0500022 -0.0500022 -0.0500022 -0.0500022 -0.0500022 -0.0500022 -0.0500022 -0.0500022 -0.0500022
internal_weight=0.609119 0.00600117 0.603118 0.0100608 0.593057 0.00961952 0.583437 0.0107668 0.00900176 0.572671 0.0281967 0.544474 0.0271818 0.0190184 0.00860462 0.00948715 0.00798685 0.00758972 0.00578054 0.00498627
internal_count=14881 598 14283 479 13804 336 13468 324 286 13144 670 12474 626 441 211 262 228 188 142 185
is_linear=0
shrinkage=0.05


Tree=51
num_leaves=5
num_cat=0
split_feature=19 1 1 2
split_gain=2.223e+07 1.11022e-16 1.11022e-16 4.33681e-19
threshold=32.694773585039279 57.360000000000007 26.135000000000005 40.95000000000001
decision_type=2 2 2 2
left_child=1 2 -1 -3
right_child=-2 3 -4 -5
leaf_value=-0.050002097453041884 -6440.0051842707599 -0.050002097453011457 -0.050002097453039233 -0.050002097452997857
leaf_weight=0.55095443595928373 0.0013431770494207731 0.0016369970289815674 0.018258813015563646 0.001133305635448778
leaf_count=13507 869 41 437 27
internal_value=-15.1374 -0.0500021 -0.0500021 -0.0500021
internal_weight=0.573327 0.571984 0.569213 0.0027703
internal_count=14881 14012 13944 68
is_linear=0
shrinkage=0.05


Tree=52
num_leaves=4
num_cat=0
split_feature=24 24 0
split_gain=1.96675e+07 640.351 1.11022e-16
threshold=31.100000000000005 30.775000000000002 2.1750000000000003
decision_type=2 2 2
left_child=1 2 -1
right_child=-2 -3 -4
leaf_value=-0.050001999978314497 -5939.4236177304292 -32.159683271306832 -0.050001999978271441
leaf_weight=0.53997613342653494 0.0013974537614558349 0.0015571627627650733 0.0011578902594919773
leaf_count=13744 1009 98 30
internal_value=-15.3968 -0.142135 -0.050002
internal_weight=0.544089 0.542691 0.541134
internal_count=14881 13872 13774
is_linear=0
shrinkage=0.05


Tree=53
num_leaves=3
num_cat=0
split_feature=19 0
split_gain=2.11545e+07 1.11022e-16
threshold=32.571555644058627 2.1550000000000007
decision_type=2 2
left_child=1 -1
right_child=-2 -3
leaf_value=-0.050001901363579321 -6709.8549003866783 -0.050001901363548096
leaf_weight=0.51197104214224964 0.0011773814767366267 0.0015951620007399461
leaf_count=13891 927 63
internal_value=-15.3974 -0.0500019
internal_weight=0.514744 0.513566
internal_count=14881 13954
is_linear=0
shrinkage=0.05


Tree=54
num_leaves=6
num_cat=0
split_feature=19 2 2 3 10
split_gain=2.10005e+07 5.55112e-17 6.93889e-18 6.93889e-18 3.46945e-18
threshold=32.458507856499935 609.95000000000016 816.1500000000002 0.30850000000000005 0.56312986467441573
decision_type=2 2 2 2 2
left_child=1 -1 3 -3 -4
right_child=-2 2 4 -5 -6
leaf_value=-0.050001802484730122 -6746.9305771739473 -0.050001802484727111 -0.050001802484723891 -0.050001802484728734 -0.050001802484705926
leaf_weight=0.42822289763716981 0.0011560898274183265 0.015968490741215646 0.0078758619492873549 0.033237582538276911 0.0020592850050888964
leaf_count=12254 985 443 219 923 57
internal_value=-16.0166 -0.0500018 -0.0500018 -0.0500018 -0.0500018
internal_weight=0.48852 0.487364 0.0591412 0.0492061 0.00993515
internal_count=14881 13896 1642 1366 276
is_linear=0
shrinkage=0.05


Tree=55
num_leaves=6
num_cat=0
split_feature=19 1 45 1 2
split_gain=1.42441e+07 5.55112e-17 5.55112e-17 1.73472e-18 1.73472e-18
threshold=32.339041468289807 33.415000000000006 1978.9960000000003 68.470000000000013 45.20000000000001
decision_type=2 2 2 2 2
left_child=1 2 -1 4 -3
right_child=-2 3 -4 -5 -6
leaf_value=-0.050001720227675385 -4860.8422877676558 -0.050001720227664553 -0.050001720227675295 -0.050001720227641704 -0.050001720227662916
leaf_weight=0.27045955677749589 0.0015120991738513103 0.0045362975215539336 0.18165809620404616 0.0014777332835365095 0.0039520773862022907
leaf_count=8214 1043 132 5332 45 115
internal_value=-15.9043 -0.0500017 -0.0500017 -0.0500017 -0.0500017
internal_weight=0.463596 0.462084 0.452118 0.00996611 0.00848837
internal_count=14881 13838 13546 292 247
is_linear=0
shrinkage=0.05


Tree=56
num_leaves=3
num_cat=0
split_feature=24 0
split_gain=1.75777e+07 5.55112e-17
threshold=30.495000000000001 2.1650000000000005
decision_type=2 2
left_child=1 -1
right_child=-2 -3
leaf_value=-0.050001635927004601 -6205.5492356061777 -0.050001635926959768
leaf_weight=0.43729277817692491 0.001144146463047945 0.001111456564103718
leaf_count=13642 1205 34
internal_value=-16.2029 -0.0500016
internal_weight=0.439548 0.438404
internal_count=14881 13676
is_linear=0
shrinkage=0.05


Tree=57
num_leaves=4
num_cat=0
split_feature=19 0 28
split_gain=1.71944e+07 5.55112e-17 5.55112e-17
threshold=32.233555504376305 2.1150000000000007 93.350000000000009
decision_type=2 2 2
left_child=1 2 -1
right_child=-2 -3 -4
leaf_value=-0.050001556009618989 -6384.5270124093886 -0.050001556009592843 -0.050001556009618857
leaf_weight=0.26182530600635801 0.0010572518294793545 0.0018968341646541367 0.15224426344502717
leaf_count=8791 1101 91 4898
internal_value=-16.2361 -0.0500016 -0.0500016
internal_weight=0.417024 0.415966 0.41407
internal_count=14881 13780 13689
is_linear=0
shrinkage=0.05


Tree=58
num_leaves=6
num_cat=0
split_feature=19 0 0 0 0
split_gain=1.4763e+07 5.55112e-17 5.55112e-17 8.67362e-19 4.33681e-19
threshold=32.128174688194832 2.1450000000000005 1.8950000000000002 2.0750000000000006 2.0050000000000003
decision_type=2 2 2 2 2
left_child=1 2 -1 4 -4
right_child=-2 -3 3 -5 -6
leaf_value=-0.050001478971454863 -5738.4479179971486 -0.050001478971417462 -0.050001478971434643 -0.050001478971419766 -0.050001478971413764
leaf_weight=0.38813739906254341 0.0011240070998610454 0.0013310610393091329 0.0024550681391701792 0.0014197984419297427 0.0012127445024816552
leaf_count=13442 1159 68 100 65 47
internal_value=-16.351 -0.0500015 -0.0500015 -0.0500015 -0.0500015
internal_weight=0.39568 0.394556 0.393225 0.00508761 0.00366781
internal_count=14881 13722 13654 212 147
is_linear=0
shrinkage=0.05


Tree=59
num_leaves=3
num_cat=0
split_feature=19 0
split_gain=1.28729e+07 5.55112e-17
threshold=32.029015081811878 2.1250000000000004
decision_type=2 2
left_child=1 -1
right_child=-2 -3
leaf_value=-0.050001406106055829 -5165.8811909465148 -0.05000140610602534
leaf_weight=0.3724720836544293 0.0012098730621801215 0.0016319218048010944
leaf_count=13577 1217 87
internal_value=-16.7027 -0.0500014
internal_weight=0.375314 0.374104
internal_count=14881 13664
is_linear=0
shrinkage=0.05


Tree=60
num_leaves=13
num_cat=0
split_feature=43 20 20 5 43 25 0 0 0 0 4 1
split_gain=519063 9.08681e+06 118389 5799.9 3698.9 41923.6 5.55112e-17 6.93889e-18 1.73472e-18 1.73472e-18 3.46945e-18 1.73472e-18
threshold=27.31229166666667 26.47515665514377 27.602237798163689 1.0000000180025095e-35 26.478125000000006 23.285000000000004 2.0850000000000004 0.50500000000000012 1.3550000000000002 1.1850000000000003 926.85000000000002 7.3650000000000011
decision_type=2 2 2 2 2 2 2 2 2 2 2 2
left_child=4 -2 -3 -4 6 -6 -1 -5 9 10 11 -7
right_child=1 2 3 7 5 8 -8 -9 -10 -11 -12 -13
leaf_value=-0.050001338872413731 -4867.0842295762322 -533.80844483970066 -103.83636535294282 -0.050001338872391402 -326.97704798311457 -0.050001338872407 -0.050001338872390846 -0.050001338872411018 -0.050001338872365943 -0.050001338872368274 -0.050001338872368274 -0.050001338872371431
leaf_weight=0.31774672993924469 0.0010170464738621368 0.0011241039974265723 0.0014452765681198789 0.0022214436139620366 0.0010705752356443563 0.0072531472214905079 0.0021679148521798189 0.017396847579220776 0.0010438108547532474 0.0010973396165354652 0.0010973396165354652 0.001177632759208791
leaf_count=12537 524 133 129 86 173 332 123 665 46 43 46 44
internal_value=-17.0511 -245.69 -33.8526 -7.1713 -1.10214 -27.5229 -0.0500013 -0.0500013 -0.0500013 -0.0500013 -0.0500013 -0.0500013
internal_weight=0.355859 0.0232047 0.0221877 0.0210636 0.332654 0.0127398 0.319915 0.0196183 0.0116693 0.0106255 0.00952812 0.00843078
internal_count=14881 1537 1013 880 13344 684 12660 751 511 465 422 376
is_linear=0
shrinkage=0.05


Tree=61
num_leaves=4
num_cat=0
split_feature=19 0 0
split_gain=1.36312e+07 5.55112e-17 1.38778e-17
threshold=31.925238312460419 1.155 2.0650000000000004
decision_type=2 2 2
left_child=1 -1 -3
right_child=-2 2 -4
leaf_value=-0.050001271765770842 -5793.6563166319838 -0.050001271765770419 -0.050001271765751011
leaf_weight=0.25008473498746753 0.0010183639824390403 0.080476213712245226 0.0024949917569756499
leaf_count=10077 1275 3388 141
internal_value=-17.7107 -0.0500013 -0.0500013
internal_weight=0.334074 0.333056 0.0829712
internal_count=14881 13606 3529
is_linear=0
shrinkage=0.05


Tree=62
num_leaves=2
num_cat=0
split_feature=24
split_gain=9.38896e+06
threshold=30.045000000000005
decision_type=2
left_child=-1
right_child=-2
leaf_value=-0.050001209280938111 -4285.1206040510297
leaf_weight=0.31552946568444895 0.0012835261095460728
leaf_count=13474 1407
internal_value=-17.4104
internal_weight=0.316813
internal_count=14881
is_linear=0
shrinkage=0.05


Tree=63
num_leaves=2
num_cat=0
split_feature=24
split_gain=9.70688e+06
threshold=29.735000000000003
decision_type=2
left_child=-1
right_child=-2
leaf_value=-0.050001148890254754 -4553.7979558974903
leaf_weight=0.29896640318838763 0.0011748564156732746
leaf_count=13332 1549
internal_value=-17.8749
internal_weight=0.300141
internal_count=14881
is_linear=0
shrinkage=0.05


Tree=64
num_leaves=4
num_cat=0
split_feature=24 2 2
split_gain=9.8178e+06 5.55112e-17 3.46945e-18
threshold=29.565000000000001 643.4000000000002 897.70000000000016
decision_type=2 2 2
left_child=1 -1 -3
right_child=-2 2 -4
leaf_value=-0.050001095730485973 -4606.6187517109547 -0.050001095730484363 -0.050001095730458016
leaf_weight=0.25377358615151024 0.0011613850329013067 0.02767602446328965 0.0017749469370755824
leaf_count=11889 1645 1266 81
internal_value=-18.8625 -0.0500011 -0.0500011
internal_weight=0.284386 0.283225 0.029451
internal_count=14881 13236 1347
is_linear=0
shrinkage=0.05


Tree=65
num_leaves=3
num_cat=0
split_feature=19 0
split_gain=8.60812e+06 5.55112e-17
threshold=31.622148438030816 0.21500000000000002
decision_type=2 2
left_child=1 -1
right_child=-2 -3
leaf_value=-0.050001042826289525 -4157.8729802968028 -0.050001042826301689
leaf_weight=0.0040437828683934631 0.001250654495379421 0.26411738518254424
leaf_count=194 1449 13238
internal_value=-19.3513 -0.050001
internal_weight=0.269412 0.268161
internal_count=14881 13432
is_linear=0
shrinkage=0.05


Tree=66
num_leaves=3
num_cat=0
split_feature=19 44
split_gain=9.32923e+06 5.55112e-17
threshold=31.417858336583659 6.7027894082478765
decision_type=2 2
left_child=1 -1
right_child=-2 -3
leaf_value=-0.050000990791146532 -4593.1969679940985 -0.05000099079113407
leaf_weight=0.25002699076139834 0.0011103498400188974 0.0039457074672100126
leaf_count=13056 1565 260
internal_value=-20.0435 -0.050001
internal_weight=0.255083 0.253973
internal_count=14881 13316
is_linear=0
shrinkage=0.05


Tree=67
num_leaves=7
num_cat=0
split_feature=19 0 0 1 1 1
split_gain=6.94236e+06 2.77556e-17 2.77556e-17 2.77556e-17 3.46945e-18 1.73472e-18
threshold=31.181114715888921 2.1150000000000007 1.6250000000000002 6.1550000000000011 3.5250000000000004 0.77500000000000013
decision_type=2 2 2 2 2 2
left_child=1 2 3 -1 5 -4
right_child=-2 -3 4 -5 -6 -7
leaf_value=-0.050000940323501879 -3635.7304386739374 -0.05000094032345398 -0.050000940323496029 -0.050000940323501067 -0.050000940323478876 -0.050000940323467684
leaf_weight=0.18125119626347441 0.0013202480477048075 0.0010373377517680629 0.0081666772093740292 0.046208681669668294 0.0021501182491192603 0.0014522728524752901
leaf_count=9955 1681 90 490 2473 115 77
internal_value=-19.9187 -0.0500009 -0.0500009 -0.0500009 -0.0500009 -0.0500009
internal_weight=0.241587 0.240266 0.239229 0.22746 0.0117691 0.00961895
internal_count=14881 13200 13110 12428 682 567
is_linear=0
shrinkage=0.05


Tree=68
num_leaves=3
num_cat=0
split_feature=24 4
split_gain=8.41977e+06 5.55112e-17
threshold=29.135000000000002 920.85000000000002
decision_type=2 2
left_child=1 -1
right_child=-2 -3
leaf_value=-0.050000897284723178 -4547.154468828614 -0.050000897284724927
leaf_weight=0.025081316962314304 0.0010226288031844879 0.20244462131813634
leaf_count=1449 1845 11587
internal_value=-20.3958 -0.0500009
internal_weight=0.228549 0.227526
internal_count=14881 13036
is_linear=0
shrinkage=0.05


end of trees

feature_importances:
wind_ms=91
heat_index_c_lag12h=53
temp_c_lag12h=49
solar_wm2=28
precip_mm=27
cloud_cover=27
doy_sin=17
pressure_hpa=14
doy_cos=13
temp_c_lag1h=9
temp_c_roll24h_mean=9
temp_c_roll24h_std=9
rh_lag12h=8
heat_index_c_roll24h_std=8
heat_index_c_lag3h=7
temp_c_lag6h=7
heat_index_c_roll24h_mean=7
temp_x_rh=5
wind_ms_lag3h=5
heat_index_c_lag1h=4
heat_index_c_lag6h=4
rh_lag24h=4
heat_index_c_roll3h_std=4
temp_c_lag24h=3
rh_lag6h=3
heat_index_c_roll6h_mean=3
pressure_hpa_lag3h=3
hi_residual_lag1h=3
heat_index_c_lag24h=2
temp_c_roll6h_std=2
pressure_hpa_lag1h=2
hour_sin=1
hour_cos=1
rh_lag3h=1
hi_change_3h=1
temp_change_3h=1
solar_wm2_lag1h=1
pressure_hpa_lag6h=1
wind_ms_lag1h=1
precip_mm_lag3h=1

parameters:
[boosting: gbdt]
[objective: binary]
[metric: binary_logloss]
[tree_learner: serial]
[device_type: cpu]
[data_sample_strategy: bagging]
[data: ]
[valid: ]
[num_iterations: 500]
[learning_rate: 0.05]
[num_leaves: 63]
[num_threads: 0]
[seed: 42]
[deterministic: 0]
[force_col_wise: 0]
[force_row_wise: 0]
[histogram_pool_size: -1]
[max_depth: -1]
[min_data_in_leaf: 20]
[min_sum_hessian_in_leaf: 0.001]
[bagging_fraction: 0.8]
[pos_bagging_fraction: 1]
[neg_bagging_fraction: 1]
[bagging_freq: 0]
[bagging_seed: 400]
[bagging_by_query: 0]
[feature_fraction: 0.8]
[feature_fraction_bynode: 1]
[feature_fraction_seed: 30056]
[extra_trees: 0]
[extra_seed: 12879]
[early_stopping_round: 0]
[early_stopping_min_delta: 0]
[first_metric_only: 0]
[max_delta_step: 0]
[lambda_l1: 0]
[lambda_l2: 0]
[linear_lambda: 0]
[min_gain_to_split: 0]
[drop_rate: 0.1]
[max_drop: 50]
[skip_drop: 0.5]
[xgboost_dart_mode: 0]
[uniform_drop: 0]
[drop_seed: 17869]
[top_rate: 0.2]
[other_rate: 0.1]
[min_data_per_group: 100]
[max_cat_threshold: 32]
[cat_l2: 10]
[cat_smooth: 10]
[max_cat_to_onehot: 4]
[top_k: 20]
[monotone_constraints: ]
[monotone_constraints_method: basic]
[monotone_penalty: 0]
[feature_contri: ]
[forcedsplits_filename: ]
[refit_decay_rate: 0.9]
[cegb_tradeoff: 1]
[cegb_penalty_split: 0]
[cegb_penalty_feature_lazy: ]
[cegb_penalty_feature_coupled: ]
[path_smooth: 0]
[interaction_constraints: ]
[verbosity: -1]
[saved_feature_importance_type: 0]
[use_quantized_grad: 0]
[num_grad_quant_bins: 4]
[quant_train_renew_leaf: 0]
[stochastic_rounding: 1]
[linear_tree: 0]
[max_bin: 255]
[max_bin_by_feature: ]
[min_data_in_bin: 3]
[bin_construct_sample_cnt: 200000]
[data_random_seed: 175]
[is_enable_sparse: 1]
[enable_bundle: 1]
[use_missing: 1]
[zero_as_missing: 0]
[feature_pre_filter: 1]
[pre_partition: 0]
[two_round: 0]
[header: 0]
[label_column: ]
[weight_column: ]
[group_column: ]
[ignore_column: ]
[categorical_feature: ]
[forcedbins_filename: ]
[precise_float_parser: 0]
[parser_config_file: ]
[objective_seed: 16083]
[num_class: 1]
[is_unbalance: 0]
[scale_pos_weight: 1859.12]
[sigmoid: 1]
[boost_from_average: 1]
[reg_sqrt: 0]
[alpha: 0.9]
[fair_c: 1]
[poisson_max_delta_step: 0.7]
[tweedie_variance_power: 1.5]
[lambdarank_truncation_level: 30]
[lambdarank_norm: 1]
[label_gain: ]
[lambdarank_position_bias_regularization: 0]
[eval_at: ]
[multi_error_top_k: 1]
[auc_mu_weights: ]
[num_machines: 1]
[local_listen_port: 12400]
[time_out: 120]
[machine_list_filename: ]
[machines: ]
[gpu_platform_id: -1]
[gpu_device_id: -1]
[gpu_use_dp: 0]
[num_gpu: 1]

end of parameters

pandas_categorical:[]
